account,amount,symbol,memo
flaxz.alive,0.04334168,BRO,Daily payout based on your ALIVE stake.
jlufer,0.03105007,BRO,Daily payout based on your ALIVE stake.
hafiz34,0.02928517,BRO,Daily payout based on your ALIVE stake.
iamraincrystal,0.02163679,BRO,Daily payout based on your ALIVE stake.
lukeisalive,0.01392722,BRO,Daily payout based on your ALIVE stake.
gurseerat,0.01265604,BRO,Daily payout based on your ALIVE stake.
bradleyarrow,0.01261275,BRO,Daily payout based on your ALIVE stake.
kingneptune,0.0091198,BRO,Daily payout based on your ALIVE stake.
maddogmike,0.00750969,BRO,Daily payout based on your ALIVE stake.
benthomaswwd,0.00744801,BRO,Daily payout based on your ALIVE stake.
darmst5339,0.00674735,BRO,Daily payout based on your ALIVE stake.
ironshield,0.00652302,BRO,Daily payout based on your ALIVE stake.
imfarhad,0.00636842,BRO,Daily payout based on your ALIVE stake.
edgerik,0.0062572,BRO,Daily payout based on your ALIVE stake.
jimmy.adames,0.0049635,BRO,Daily payout based on your ALIVE stake.
hive-112281,0.00443234,BRO,Daily payout based on your ALIVE stake.
ana-maria,0.00423163,BRO,Daily payout based on your ALIVE stake.
gestion.alive,0.00406985,BRO,Daily payout based on your ALIVE stake.
primersion,0.00406892,BRO,Daily payout based on your ALIVE stake.
harpreetjanda,0.00391107,BRO,Daily payout based on your ALIVE stake.
thisisawesome,0.00385116,BRO,Daily payout based on your ALIVE stake.
davidthompson57,0.00332627,BRO,Daily payout based on your ALIVE stake.
oscarps,0.00325887,BRO,Daily payout based on your ALIVE stake.
mypathtofire,0.00305859,BRO,Daily payout based on your ALIVE stake.
vocup,0.00287081,BRO,Daily payout based on your ALIVE stake.
davidxxl,0.00281056,BRO,Daily payout based on your ALIVE stake.
noctury,0.0027181,BRO,Daily payout based on your ALIVE stake.
yeckingo1,0.00271171,BRO,Daily payout based on your ALIVE stake.
manuvert,0.00269057,BRO,Daily payout based on your ALIVE stake.
d00k13,0.00266874,BRO,Daily payout based on your ALIVE stake.
captain.alive,0.00246342,BRO,Daily payout based on your ALIVE stake.
chapelle,0.00239362,BRO,Daily payout based on your ALIVE stake.
saboin.alive,0.00237625,BRO,Daily payout based on your ALIVE stake.
hive.pizza,0.00235127,BRO,Daily payout based on your ALIVE stake.
rcaine,0.00229097,BRO,Daily payout based on your ALIVE stake.
heartbeatonhive,0.00223866,BRO,Daily payout based on your ALIVE stake.
lisamgentile1961,0.00219267,BRO,Daily payout based on your ALIVE stake.
flaxz,0.00211801,BRO,Daily payout based on your ALIVE stake.
ddn688,0.00208836,BRO,Daily payout based on your ALIVE stake.
steem-holder,0.00208042,BRO,Daily payout based on your ALIVE stake.
alokkumar121,0.00206277,BRO,Daily payout based on your ALIVE stake.
elianaicgomes,0.00204661,BRO,Daily payout based on your ALIVE stake.
flaxz.ctp,0.00203476,BRO,Daily payout based on your ALIVE stake.
chaosmagic23,0.00201324,BRO,Daily payout based on your ALIVE stake.
dibblers.dabs,0.00189059,BRO,Daily payout based on your ALIVE stake.
lolz.alive,0.00187515,BRO,Daily payout based on your ALIVE stake.
justclickindiva,0.0017293,BRO,Daily payout based on your ALIVE stake.
awah,0.00171734,BRO,Daily payout based on your ALIVE stake.
magicalive,0.00169748,BRO,Daily payout based on your ALIVE stake.
hankanon,0.0016503,BRO,Daily payout based on your ALIVE stake.
raishmi,0.00160097,BRO,Daily payout based on your ALIVE stake.
newigennity,0.001493,BRO,Daily payout based on your ALIVE stake.
holovision.cash,0.00147396,BRO,Daily payout based on your ALIVE stake.
stickupboys,0.00144469,BRO,Daily payout based on your ALIVE stake.
ben.haase,0.00143505,BRO,Daily payout based on your ALIVE stake.
visual.alive,0.00141827,BRO,Daily payout based on your ALIVE stake.
globetrottergcc,0.00137494,BRO,Daily payout based on your ALIVE stake.
merthin,0.00136264,BRO,Daily payout based on your ALIVE stake.
stdd,0.00135315,BRO,Daily payout based on your ALIVE stake.
gank,0.0013298,BRO,Daily payout based on your ALIVE stake.
hoosie,0.0013217,BRO,Daily payout based on your ALIVE stake.
beststart,0.00128916,BRO,Daily payout based on your ALIVE stake.
adysscheryl,0.00121748,BRO,Daily payout based on your ALIVE stake.
pedrobrito2004,0.0011934,BRO,Daily payout based on your ALIVE stake.
alzee,0.00119212,BRO,Daily payout based on your ALIVE stake.
toekins,0.00116544,BRO,Daily payout based on your ALIVE stake.
tydynrain,0.00115333,BRO,Daily payout based on your ALIVE stake.
griega,0.00106869,BRO,Daily payout based on your ALIVE stake.
hirohurl,0.0010346,BRO,Daily payout based on your ALIVE stake.
guurry123,0.0009616,BRO,Daily payout based on your ALIVE stake.
misterc,0.00095443,BRO,Daily payout based on your ALIVE stake.
wrestlingdesires,0.00093846,BRO,Daily payout based on your ALIVE stake.
kaseldz,0.0009383,BRO,Daily payout based on your ALIVE stake.
kam5iz,0.0009371,BRO,Daily payout based on your ALIVE stake.
captaincryptic,0.00091806,BRO,Daily payout based on your ALIVE stake.
master-lamps,0.00091712,BRO,Daily payout based on your ALIVE stake.
b4phom3t,0.00089575,BRO,Daily payout based on your ALIVE stake.
tokenpimp,0.0008736,BRO,Daily payout based on your ALIVE stake.
elizabetamt,0.00086838,BRO,Daily payout based on your ALIVE stake.
bambukah,0.00086677,BRO,Daily payout based on your ALIVE stake.
myupvote2u,0.00084621,BRO,Daily payout based on your ALIVE stake.
ilovewintergem,0.00084146,BRO,Daily payout based on your ALIVE stake.
points-fr,0.00082619,BRO,Daily payout based on your ALIVE stake.
epic-fail,0.00079777,BRO,Daily payout based on your ALIVE stake.
jacoalberts,0.00079169,BRO,Daily payout based on your ALIVE stake.
alex2alex,0.00078469,BRO,Daily payout based on your ALIVE stake.
mlrequena78,0.00076766,BRO,Daily payout based on your ALIVE stake.
coininstant,0.00074764,BRO,Daily payout based on your ALIVE stake.
melinda010100,0.00074362,BRO,Daily payout based on your ALIVE stake.
laruche,0.0007302,BRO,Daily payout based on your ALIVE stake.
lightcaptured,0.00072221,BRO,Daily payout based on your ALIVE stake.
macfit,0.00072013,BRO,Daily payout based on your ALIVE stake.
bearmol,0.00071681,BRO,Daily payout based on your ALIVE stake.
moretea,0.00069368,BRO,Daily payout based on your ALIVE stake.
chireerocks.live,0.00068845,BRO,Daily payout based on your ALIVE stake.
vickoly,0.00068737,BRO,Daily payout based on your ALIVE stake.
johnsdowie,0.00067798,BRO,Daily payout based on your ALIVE stake.
wdougwatson,0.00065111,BRO,Daily payout based on your ALIVE stake.
mervinthepogi,0.00064691,BRO,Daily payout based on your ALIVE stake.
mk992039,0.00063785,BRO,Daily payout based on your ALIVE stake.
bechibenner,0.00063684,BRO,Daily payout based on your ALIVE stake.
tdctunes,0.00061135,BRO,Daily payout based on your ALIVE stake.
madame-cyntaia,0.00059664,BRO,Daily payout based on your ALIVE stake.
captainloken,0.00059399,BRO,Daily payout based on your ALIVE stake.
samsmith1971,0.00057514,BRO,Daily payout based on your ALIVE stake.
rbhayes,0.00055139,BRO,Daily payout based on your ALIVE stake.
cryptopsycho21,0.00054558,BRO,Daily payout based on your ALIVE stake.
thoth442,0.00054519,BRO,Daily payout based on your ALIVE stake.
caelum1infernum,0.00054375,BRO,Daily payout based on your ALIVE stake.
karizma,0.00054104,BRO,Daily payout based on your ALIVE stake.
mario89,0.00053454,BRO,Daily payout based on your ALIVE stake.
rachaeldwatson,0.00052975,BRO,Daily payout based on your ALIVE stake.
old-man-chu58,0.00052096,BRO,Daily payout based on your ALIVE stake.
rickardoh,0.00050902,BRO,Daily payout based on your ALIVE stake.
metzli,0.00049907,BRO,Daily payout based on your ALIVE stake.
hivetrending,0.000499,BRO,Daily payout based on your ALIVE stake.
tengolotodo,0.00049573,BRO,Daily payout based on your ALIVE stake.
stevermac1966,0.00049448,BRO,Daily payout based on your ALIVE stake.
engilhramn,0.0004827,BRO,Daily payout based on your ALIVE stake.
bardobrujo,0.00047973,BRO,Daily payout based on your ALIVE stake.
assassyn,0.00046682,BRO,Daily payout based on your ALIVE stake.
johnandgrace,0.00045934,BRO,Daily payout based on your ALIVE stake.
tunnelmotions,0.000455,BRO,Daily payout based on your ALIVE stake.
rarej,0.00045382,BRO,Daily payout based on your ALIVE stake.
myjob,0.00045269,BRO,Daily payout based on your ALIVE stake.
ekushya,0.00045248,BRO,Daily payout based on your ALIVE stake.
chuiiiiiiii,0.00044838,BRO,Daily payout based on your ALIVE stake.
dreamingirwin,0.00044377,BRO,Daily payout based on your ALIVE stake.
beeber,0.00044315,BRO,Daily payout based on your ALIVE stake.
andy-plays,0.00044271,BRO,Daily payout based on your ALIVE stake.
allonyx.ngs,0.00044186,BRO,Daily payout based on your ALIVE stake.
kryptodenno,0.00043923,BRO,Daily payout based on your ALIVE stake.
icon-bassey,0.00043377,BRO,Daily payout based on your ALIVE stake.
tokutaro22,0.00043056,BRO,Daily payout based on your ALIVE stake.
forykw,0.00043018,BRO,Daily payout based on your ALIVE stake.
castri-ja,0.00042818,BRO,Daily payout based on your ALIVE stake.
badpupper,0.00042125,BRO,Daily payout based on your ALIVE stake.
savvyplayer,0.0004176,BRO,Daily payout based on your ALIVE stake.
russellstockley,0.00041735,BRO,Daily payout based on your ALIVE stake.
criptosectadepit,0.00041617,BRO,Daily payout based on your ALIVE stake.
howyf2,0.00041519,BRO,Daily payout based on your ALIVE stake.
voltz-blag,0.0004151,BRO,Daily payout based on your ALIVE stake.
new.things,0.00041303,BRO,Daily payout based on your ALIVE stake.
pixiepost,0.00041297,BRO,Daily payout based on your ALIVE stake.
madushanka,0.00041157,BRO,Daily payout based on your ALIVE stake.
consciouscat,0.00041088,BRO,Daily payout based on your ALIVE stake.
iviaxpow3r,0.00040742,BRO,Daily payout based on your ALIVE stake.
ahmadmanga,0.00040742,BRO,Daily payout based on your ALIVE stake.
vokus,0.00040694,BRO,Daily payout based on your ALIVE stake.
voltagrou,0.00040693,BRO,Daily payout based on your ALIVE stake.
imagenius.dac,0.00040689,BRO,Daily payout based on your ALIVE stake.
celf.support,0.00040689,BRO,Daily payout based on your ALIVE stake.
slothbuzz,0.00040689,BRO,Daily payout based on your ALIVE stake.
alovely088,0.00040433,BRO,Daily payout based on your ALIVE stake.
oasiskp2,0.00036987,BRO,Daily payout based on your ALIVE stake.
vaynard86,0.00036132,BRO,Daily payout based on your ALIVE stake.
chocolatescorpi,0.00035819,BRO,Daily payout based on your ALIVE stake.
yousafharoonkhan,0.0003562,BRO,Daily payout based on your ALIVE stake.
aunik,0.00035592,BRO,Daily payout based on your ALIVE stake.
luckyali,0.00035588,BRO,Daily payout based on your ALIVE stake.
steemer-sayu907,0.00035588,BRO,Daily payout based on your ALIVE stake.
captain-sam,0.00035588,BRO,Daily payout based on your ALIVE stake.
ennydee,0.00035588,BRO,Daily payout based on your ALIVE stake.
oredebby,0.00035588,BRO,Daily payout based on your ALIVE stake.
hykss,0.0003467,BRO,Daily payout based on your ALIVE stake.
littlebee4,0.00031961,BRO,Daily payout based on your ALIVE stake.
cryptohaytham,0.00031408,BRO,Daily payout based on your ALIVE stake.
jmis101,0.00030478,BRO,Daily payout based on your ALIVE stake.
sabihaislam,0.00029856,BRO,Daily payout based on your ALIVE stake.
jeanlucsr,0.00029582,BRO,Daily payout based on your ALIVE stake.
onewolfe,0.00029107,BRO,Daily payout based on your ALIVE stake.
synergized,0.00028604,BRO,Daily payout based on your ALIVE stake.
firealiean,0.00027808,BRO,Daily payout based on your ALIVE stake.
jfang003,0.00027402,BRO,Daily payout based on your ALIVE stake.
alente,0.00026576,BRO,Daily payout based on your ALIVE stake.
chmoen,0.00025926,BRO,Daily payout based on your ALIVE stake.
firealien,0.00025914,BRO,Daily payout based on your ALIVE stake.
gondek,0.00025689,BRO,Daily payout based on your ALIVE stake.
dailygiveaways,0.0002512,BRO,Daily payout based on your ALIVE stake.
sharkthelion,0.00025075,BRO,Daily payout based on your ALIVE stake.
dkid14,0.00024836,BRO,Daily payout based on your ALIVE stake.
mirroredspork,0.00024339,BRO,Daily payout based on your ALIVE stake.
theroad2freedom,0.00023492,BRO,Daily payout based on your ALIVE stake.
supriya.gupta1,0.00022971,BRO,Daily payout based on your ALIVE stake.
imno,0.00022944,BRO,Daily payout based on your ALIVE stake.
cooperclub,0.00022465,BRO,Daily payout based on your ALIVE stake.
cryptounicorn420,0.00022307,BRO,Daily payout based on your ALIVE stake.
marshmellowman,0.00022118,BRO,Daily payout based on your ALIVE stake.
yhuddee111,0.00021785,BRO,Daily payout based on your ALIVE stake.
amberkashif,0.00021774,BRO,Daily payout based on your ALIVE stake.
k-banti,0.00021734,BRO,Daily payout based on your ALIVE stake.
blue.rabbit,0.00021729,BRO,Daily payout based on your ALIVE stake.
germangenius,0.00020949,BRO,Daily payout based on your ALIVE stake.
pob.curator,0.00020793,BRO,Daily payout based on your ALIVE stake.
meanbees,0.00020515,BRO,Daily payout based on your ALIVE stake.
memess,0.00020482,BRO,Daily payout based on your ALIVE stake.
flemingfarm,0.00020369,BRO,Daily payout based on your ALIVE stake.
invest4free,0.00020358,BRO,Daily payout based on your ALIVE stake.
nkemakonam89,0.00020246,BRO,Daily payout based on your ALIVE stake.
r1s2g3,0.00019936,BRO,Daily payout based on your ALIVE stake.
kojiri,0.00019704,BRO,Daily payout based on your ALIVE stake.
successchar,0.00019382,BRO,Daily payout based on your ALIVE stake.
olujose6,0.00019186,BRO,Daily payout based on your ALIVE stake.
elyelma,0.00018869,BRO,Daily payout based on your ALIVE stake.
generra-abraham,0.00018765,BRO,Daily payout based on your ALIVE stake.
torrey.blog,0.00018646,BRO,Daily payout based on your ALIVE stake.
amphlux,0.00018615,BRO,Daily payout based on your ALIVE stake.
cookaiss,0.00018442,BRO,Daily payout based on your ALIVE stake.
onthemountain,0.00018408,BRO,Daily payout based on your ALIVE stake.
sandraa1,0.00018387,BRO,Daily payout based on your ALIVE stake.
reeta0119,0.00018277,BRO,Daily payout based on your ALIVE stake.
bonnie30,0.0001816,BRO,Daily payout based on your ALIVE stake.
leemah1,0.00018022,BRO,Daily payout based on your ALIVE stake.
lebah,0.00017701,BRO,Daily payout based on your ALIVE stake.
valerianis,0.00016891,BRO,Daily payout based on your ALIVE stake.
l337m45732,0.00016492,BRO,Daily payout based on your ALIVE stake.
ericburgoyne,0.0001646,BRO,Daily payout based on your ALIVE stake.
iamjabez,0.00015865,BRO,Daily payout based on your ALIVE stake.
archon-gov,0.00015857,BRO,Daily payout based on your ALIVE stake.
nuthman,0.00015607,BRO,Daily payout based on your ALIVE stake.
psimpson67,0.00015503,BRO,Daily payout based on your ALIVE stake.
zealous4ever,0.0001487,BRO,Daily payout based on your ALIVE stake.
temmylade,0.0001476,BRO,Daily payout based on your ALIVE stake.
gadrian,0.00014425,BRO,Daily payout based on your ALIVE stake.
hivecoffee,0.00014275,BRO,Daily payout based on your ALIVE stake.
dirkzett,0.00014052,BRO,Daily payout based on your ALIVE stake.
uyobong,0.00013863,BRO,Daily payout based on your ALIVE stake.
ekushya.ctp,0.0001382,BRO,Daily payout based on your ALIVE stake.
helios.voter,0.00013679,BRO,Daily payout based on your ALIVE stake.
matthew1,0.00013673,BRO,Daily payout based on your ALIVE stake.
aslehansen,0.00013529,BRO,Daily payout based on your ALIVE stake.
denmarkguy,0.00013279,BRO,Daily payout based on your ALIVE stake.
keechadkikali,0.00013228,BRO,Daily payout based on your ALIVE stake.
sergey44,0.00013149,BRO,Daily payout based on your ALIVE stake.
makerhacks,0.00013014,BRO,Daily payout based on your ALIVE stake.
robert0z,0.00012874,BRO,Daily payout based on your ALIVE stake.
martusamak,0.00012393,BRO,Daily payout based on your ALIVE stake.
bigtakosensei,0.00012246,BRO,Daily payout based on your ALIVE stake.
actifraenk,0.00012222,BRO,Daily payout based on your ALIVE stake.
elon.curator,0.00012207,BRO,Daily payout based on your ALIVE stake.
fikif,0.00012196,BRO,Daily payout based on your ALIVE stake.
nathanmars,0.00012092,BRO,Daily payout based on your ALIVE stake.
scottrohn,0.00011935,BRO,Daily payout based on your ALIVE stake.
starstrings01,0.00011895,BRO,Daily payout based on your ALIVE stake.
bonnierroberts,0.00011863,BRO,Daily payout based on your ALIVE stake.
mamasez,0.00011863,BRO,Daily payout based on your ALIVE stake.
arpuch,0.00011775,BRO,Daily payout based on your ALIVE stake.
felixgarciap,0.00011659,BRO,Daily payout based on your ALIVE stake.
palomap3,0.00011583,BRO,Daily payout based on your ALIVE stake.
k5905200786,0.00011562,BRO,Daily payout based on your ALIVE stake.
fiberfrau,0.00011358,BRO,Daily payout based on your ALIVE stake.
gidien,0.00011318,BRO,Daily payout based on your ALIVE stake.
aprilgillian,0.00011296,BRO,Daily payout based on your ALIVE stake.
nahueldare3627,0.00011275,BRO,Daily payout based on your ALIVE stake.
honeysaver.fund,0.00011267,BRO,Daily payout based on your ALIVE stake.
magicbeans,0.00011218,BRO,Daily payout based on your ALIVE stake.
juanmiguelsalas,0.00011215,BRO,Daily payout based on your ALIVE stake.
definethedollar,0.00011056,BRO,Daily payout based on your ALIVE stake.
cryptospa,0.00010959,BRO,Daily payout based on your ALIVE stake.
duke77,0.00010841,BRO,Daily payout based on your ALIVE stake.
syllem,0.00010625,BRO,Daily payout based on your ALIVE stake.
maurojd,9.853e-05,BRO,Daily payout based on your ALIVE stake.
rosmadirazali,9.832e-05,BRO,Daily payout based on your ALIVE stake.
zottone444,9.803e-05,BRO,Daily payout based on your ALIVE stake.
lifeskills-tv,9.619e-05,BRO,Daily payout based on your ALIVE stake.
forsakensushi,9.592e-05,BRO,Daily payout based on your ALIVE stake.
adeife2,9.535e-05,BRO,Daily payout based on your ALIVE stake.
azkabananas,9.169e-05,BRO,Daily payout based on your ALIVE stake.
biglove,9.09e-05,BRO,Daily payout based on your ALIVE stake.
jishan5,9.078e-05,BRO,Daily payout based on your ALIVE stake.
dragon-ti,8.866e-05,BRO,Daily payout based on your ALIVE stake.
bructp,8.65e-05,BRO,Daily payout based on your ALIVE stake.
evernoticethat,8.465e-05,BRO,Daily payout based on your ALIVE stake.
yintercept,8.451e-05,BRO,Daily payout based on your ALIVE stake.
dadspardan,8.276e-05,BRO,Daily payout based on your ALIVE stake.
heruvim1978,8.262e-05,BRO,Daily payout based on your ALIVE stake.
solymi,8.165e-05,BRO,Daily payout based on your ALIVE stake.
mushanov,8.15e-05,BRO,Daily payout based on your ALIVE stake.
sanelica81,8.013e-05,BRO,Daily payout based on your ALIVE stake.
leoneil,7.958e-05,BRO,Daily payout based on your ALIVE stake.
buezor,7.944e-05,BRO,Daily payout based on your ALIVE stake.
penderis,7.927e-05,BRO,Daily payout based on your ALIVE stake.
cryptonotes,7.796e-05,BRO,Daily payout based on your ALIVE stake.
nomaddreamer,7.703e-05,BRO,Daily payout based on your ALIVE stake.
brofi,7.7e-05,BRO,Daily payout based on your ALIVE stake.
marinmex,7.612e-05,BRO,Daily payout based on your ALIVE stake.
saboin,7.48e-05,BRO,Daily payout based on your ALIVE stake.
esteva1820,7.256e-05,BRO,Daily payout based on your ALIVE stake.
dimascastillo90,7.251e-05,BRO,Daily payout based on your ALIVE stake.
farmboy-boss,7.218e-05,BRO,Daily payout based on your ALIVE stake.
trentonlundy1,7.208e-05,BRO,Daily payout based on your ALIVE stake.
nerdylens,7.121e-05,BRO,Daily payout based on your ALIVE stake.
sabajfa,7.101e-05,BRO,Daily payout based on your ALIVE stake.
salexa5,7.099e-05,BRO,Daily payout based on your ALIVE stake.
ctpsb,6.972e-05,BRO,Daily payout based on your ALIVE stake.
magic.alive,6.789e-05,BRO,Daily payout based on your ALIVE stake.
andrewn,6.745e-05,BRO,Daily payout based on your ALIVE stake.
monsterjamgold,6.711e-05,BRO,Daily payout based on your ALIVE stake.
xyzashu,6.629e-05,BRO,Daily payout based on your ALIVE stake.
mybiel,6.563e-05,BRO,Daily payout based on your ALIVE stake.
pizzabot,6.54e-05,BRO,Daily payout based on your ALIVE stake.
bombus,6.464e-05,BRO,Daily payout based on your ALIVE stake.
kokyi,6.44e-05,BRO,Daily payout based on your ALIVE stake.
blainjones,6.413e-05,BRO,Daily payout based on your ALIVE stake.
cmmndrbawang,6.399e-05,BRO,Daily payout based on your ALIVE stake.
jerichternida,6.294e-05,BRO,Daily payout based on your ALIVE stake.
scoutroc,6.252e-05,BRO,Daily payout based on your ALIVE stake.
pablodare,6.205e-05,BRO,Daily payout based on your ALIVE stake.
shadowspub,6.198e-05,BRO,Daily payout based on your ALIVE stake.
peter-stone,6.177e-05,BRO,Daily payout based on your ALIVE stake.
maverickinvictus,6.172e-05,BRO,Daily payout based on your ALIVE stake.
taskmaster4450,6.171e-05,BRO,Daily payout based on your ALIVE stake.
roger5120,6.147e-05,BRO,Daily payout based on your ALIVE stake.
ayhamyou,6.141e-05,BRO,Daily payout based on your ALIVE stake.
emaxisonline,6.141e-05,BRO,Daily payout based on your ALIVE stake.
thatcryptodave,6.128e-05,BRO,Daily payout based on your ALIVE stake.
jangle,6.07e-05,BRO,Daily payout based on your ALIVE stake.
jonsnow1983,6.037e-05,BRO,Daily payout based on your ALIVE stake.
kennyroy,6.026e-05,BRO,Daily payout based on your ALIVE stake.
qurator,6.017e-05,BRO,Daily payout based on your ALIVE stake.
ghcamry,6.009e-05,BRO,Daily payout based on your ALIVE stake.
drlobes,6.006e-05,BRO,Daily payout based on your ALIVE stake.
erikklok,6.006e-05,BRO,Daily payout based on your ALIVE stake.
cwow2,5.998e-05,BRO,Daily payout based on your ALIVE stake.
obrisgold1,5.988e-05,BRO,Daily payout based on your ALIVE stake.
rem-steem,5.981e-05,BRO,Daily payout based on your ALIVE stake.
cruis,5.98e-05,BRO,Daily payout based on your ALIVE stake.
cryptoandcoffee,5.968e-05,BRO,Daily payout based on your ALIVE stake.
lebey1,5.968e-05,BRO,Daily payout based on your ALIVE stake.
niallon11,5.964e-05,BRO,Daily payout based on your ALIVE stake.
ackza,5.964e-05,BRO,Daily payout based on your ALIVE stake.
rmsadkri,5.96e-05,BRO,Daily payout based on your ALIVE stake.
sandymeyer,5.96e-05,BRO,Daily payout based on your ALIVE stake.
dmilliz,5.96e-05,BRO,Daily payout based on your ALIVE stake.
eliydrakes,5.956e-05,BRO,Daily payout based on your ALIVE stake.
isabelpena,5.948e-05,BRO,Daily payout based on your ALIVE stake.
fabian98,5.943e-05,BRO,Daily payout based on your ALIVE stake.
mllg,5.943e-05,BRO,Daily payout based on your ALIVE stake.
sgbonus,5.943e-05,BRO,Daily payout based on your ALIVE stake.
zellypearl,5.943e-05,BRO,Daily payout based on your ALIVE stake.
newageinv,5.939e-05,BRO,Daily payout based on your ALIVE stake.
mariannewest,5.939e-05,BRO,Daily payout based on your ALIVE stake.
theycallmedan,5.939e-05,BRO,Daily payout based on your ALIVE stake.
faisalamin,5.936e-05,BRO,Daily payout based on your ALIVE stake.
crystalwills,5.935e-05,BRO,Daily payout based on your ALIVE stake.
singhsweety189,5.935e-05,BRO,Daily payout based on your ALIVE stake.
ladygospel,5.935e-05,BRO,Daily payout based on your ALIVE stake.
rafaeleff15,5.935e-05,BRO,Daily payout based on your ALIVE stake.
paulag,5.935e-05,BRO,Daily payout based on your ALIVE stake.
bimpcy,5.935e-05,BRO,Daily payout based on your ALIVE stake.
bvijay,5.935e-05,BRO,Daily payout based on your ALIVE stake.
gungunkrishu,5.935e-05,BRO,Daily payout based on your ALIVE stake.
bitcoinman,5.935e-05,BRO,Daily payout based on your ALIVE stake.
marvyinnovation,5.935e-05,BRO,Daily payout based on your ALIVE stake.
david.dicotomia,5.935e-05,BRO,Daily payout based on your ALIVE stake.
linco,5.935e-05,BRO,Daily payout based on your ALIVE stake.
slackerman,5.935e-05,BRO,Daily payout based on your ALIVE stake.
ridoykhan22,5.935e-05,BRO,Daily payout based on your ALIVE stake.
brianoflondon,5.935e-05,BRO,Daily payout based on your ALIVE stake.
steemincome,5.935e-05,BRO,Daily payout based on your ALIVE stake.
crypto-dz,5.935e-05,BRO,Daily payout based on your ALIVE stake.
faraicelebr8,5.935e-05,BRO,Daily payout based on your ALIVE stake.
blokz,5.934e-05,BRO,Daily payout based on your ALIVE stake.
amakauz,5.933e-05,BRO,Daily payout based on your ALIVE stake.
atrina,5.931e-05,BRO,Daily payout based on your ALIVE stake.
ayorae,5.931e-05,BRO,Daily payout based on your ALIVE stake.
brooklindt,5.931e-05,BRO,Daily payout based on your ALIVE stake.
ayoyemi1,5.931e-05,BRO,Daily payout based on your ALIVE stake.
adritaa,5.931e-05,BRO,Daily payout based on your ALIVE stake.
babeltrips,5.931e-05,BRO,Daily payout based on your ALIVE stake.
dallas27,5.931e-05,BRO,Daily payout based on your ALIVE stake.
damonmcnair,5.931e-05,BRO,Daily payout based on your ALIVE stake.
adedoyin-g,5.931e-05,BRO,Daily payout based on your ALIVE stake.
alokkumar121.ctp,5.931e-05,BRO,Daily payout based on your ALIVE stake.
arrliinn,5.931e-05,BRO,Daily payout based on your ALIVE stake.
babylove5,5.931e-05,BRO,Daily payout based on your ALIVE stake.
arslan102,5.931e-05,BRO,Daily payout based on your ALIVE stake.
bagofincome,5.931e-05,BRO,Daily payout based on your ALIVE stake.
cutefantasy,5.931e-05,BRO,Daily payout based on your ALIVE stake.
animal-shelter,5.931e-05,BRO,Daily payout based on your ALIVE stake.
angelica7,5.931e-05,BRO,Daily payout based on your ALIVE stake.
ange.nkuru,5.931e-05,BRO,Daily payout based on your ALIVE stake.
cherrypee,5.931e-05,BRO,Daily payout based on your ALIVE stake.
bizventures,5.931e-05,BRO,Daily payout based on your ALIVE stake.
coyotelation,5.931e-05,BRO,Daily payout based on your ALIVE stake.
aryankk,5.931e-05,BRO,Daily payout based on your ALIVE stake.
charlesgoldie,5.931e-05,BRO,Daily payout based on your ALIVE stake.
cruisin,5.931e-05,BRO,Daily payout based on your ALIVE stake.
blisssss11,5.931e-05,BRO,Daily payout based on your ALIVE stake.
cryptoeater,5.931e-05,BRO,Daily payout based on your ALIVE stake.
caroline675,5.931e-05,BRO,Daily payout based on your ALIVE stake.
amr008,5.931e-05,BRO,Daily payout based on your ALIVE stake.
cryptoknight12,5.931e-05,BRO,Daily payout based on your ALIVE stake.
bishopntuk,5.931e-05,BRO,Daily payout based on your ALIVE stake.
bolabose,5.931e-05,BRO,Daily payout based on your ALIVE stake.
captainbob,5.931e-05,BRO,Daily payout based on your ALIVE stake.
aricheta,5.931e-05,BRO,Daily payout based on your ALIVE stake.
chimchi1000,5.931e-05,BRO,Daily payout based on your ALIVE stake.
bulldog-joy,5.931e-05,BRO,Daily payout based on your ALIVE stake.
curtawakening,5.931e-05,BRO,Daily payout based on your ALIVE stake.
bryandivisions,5.931e-05,BRO,Daily payout based on your ALIVE stake.
dareey12,5.931e-05,BRO,Daily payout based on your ALIVE stake.
asad44,5.931e-05,BRO,Daily payout based on your ALIVE stake.
bennysparks,5.931e-05,BRO,Daily payout based on your ALIVE stake.
botony,5.931e-05,BRO,Daily payout based on your ALIVE stake.
imaluv54,5.931e-05,BRO,Daily payout based on your ALIVE stake.
sardar-sani,5.931e-05,BRO,Daily payout based on your ALIVE stake.
greatness96,5.931e-05,BRO,Daily payout based on your ALIVE stake.
glotokens,5.931e-05,BRO,Daily payout based on your ALIVE stake.
ralphsam2,5.931e-05,BRO,Daily payout based on your ALIVE stake.
goofy420,5.931e-05,BRO,Daily payout based on your ALIVE stake.
purepinay,5.931e-05,BRO,Daily payout based on your ALIVE stake.
prince10,5.931e-05,BRO,Daily payout based on your ALIVE stake.
prechyrukky,5.931e-05,BRO,Daily payout based on your ALIVE stake.
praise-eu,5.931e-05,BRO,Daily payout based on your ALIVE stake.
pixiedust4u,5.931e-05,BRO,Daily payout based on your ALIVE stake.
reefe,5.931e-05,BRO,Daily payout based on your ALIVE stake.
peterjaphet,5.931e-05,BRO,Daily payout based on your ALIVE stake.
perosky1,5.931e-05,BRO,Daily payout based on your ALIVE stake.
pejupops,5.931e-05,BRO,Daily payout based on your ALIVE stake.
peacewealth,5.931e-05,BRO,Daily payout based on your ALIVE stake.
paulnulty,5.931e-05,BRO,Daily payout based on your ALIVE stake.
ospro,5.931e-05,BRO,Daily payout based on your ALIVE stake.
onyeoga,5.931e-05,BRO,Daily payout based on your ALIVE stake.
razack-pulo,5.931e-05,BRO,Daily payout based on your ALIVE stake.
respuestastodos,5.931e-05,BRO,Daily payout based on your ALIVE stake.
techbizgeek,5.931e-05,BRO,Daily payout based on your ALIVE stake.
shadowayiti,5.931e-05,BRO,Daily payout based on your ALIVE stake.
sumit71428,5.931e-05,BRO,Daily payout based on your ALIVE stake.
suffgrace,5.931e-05,BRO,Daily payout based on your ALIVE stake.
steem-key,5.931e-05,BRO,Daily payout based on your ALIVE stake.
smartintravels,5.931e-05,BRO,Daily payout based on your ALIVE stake.
sigskeie,5.931e-05,BRO,Daily payout based on your ALIVE stake.
shemzy32,5.931e-05,BRO,Daily payout based on your ALIVE stake.
sharkstudio,5.931e-05,BRO,Daily payout based on your ALIVE stake.
sbaby,5.931e-05,BRO,Daily payout based on your ALIVE stake.
richardtaylor,5.931e-05,BRO,Daily payout based on your ALIVE stake.
sahitya2702,5.931e-05,BRO,Daily payout based on your ALIVE stake.
sahilgupta,5.931e-05,BRO,Daily payout based on your ALIVE stake.
royalsam,5.931e-05,BRO,Daily payout based on your ALIVE stake.
roseberry,5.931e-05,BRO,Daily payout based on your ALIVE stake.
rosanita,5.931e-05,BRO,Daily payout based on your ALIVE stake.
romiz.amin,5.931e-05,BRO,Daily payout based on your ALIVE stake.
rishabh99946,5.931e-05,BRO,Daily payout based on your ALIVE stake.
ononnaa,5.931e-05,BRO,Daily payout based on your ALIVE stake.
ola96,5.931e-05,BRO,Daily payout based on your ALIVE stake.
oja-venture,5.931e-05,BRO,Daily payout based on your ALIVE stake.
joebboy,5.931e-05,BRO,Daily payout based on your ALIVE stake.
kevinli,5.931e-05,BRO,Daily payout based on your ALIVE stake.
kevin.cron,5.931e-05,BRO,Daily payout based on your ALIVE stake.
holuseyi,5.931e-05,BRO,Daily payout based on your ALIVE stake.
julitimzy,5.931e-05,BRO,Daily payout based on your ALIVE stake.
joy-only-joy,5.931e-05,BRO,Daily payout based on your ALIVE stake.
joswag,5.931e-05,BRO,Daily payout based on your ALIVE stake.
iamjohn,5.931e-05,BRO,Daily payout based on your ALIVE stake.
jinicharley2020,5.931e-05,BRO,Daily payout based on your ALIVE stake.
niffybay,5.931e-05,BRO,Daily payout based on your ALIVE stake.
jennawash5,5.931e-05,BRO,Daily payout based on your ALIVE stake.
jeddiekay,5.931e-05,BRO,Daily payout based on your ALIVE stake.
jearyjoe,5.931e-05,BRO,Daily payout based on your ALIVE stake.
janetlegere,5.931e-05,BRO,Daily payout based on your ALIVE stake.
jan.kretschmer,5.931e-05,BRO,Daily payout based on your ALIVE stake.
imadear,5.931e-05,BRO,Daily payout based on your ALIVE stake.
irvinc,5.931e-05,BRO,Daily payout based on your ALIVE stake.
khalctp,5.931e-05,BRO,Daily payout based on your ALIVE stake.
khalil319,5.931e-05,BRO,Daily payout based on your ALIVE stake.
kings247,5.931e-05,BRO,Daily payout based on your ALIVE stake.
lizaboss,5.931e-05,BRO,Daily payout based on your ALIVE stake.
nicollefiallo,5.931e-05,BRO,Daily payout based on your ALIVE stake.
netaterra,5.931e-05,BRO,Daily payout based on your ALIVE stake.
naturereality,5.931e-05,BRO,Daily payout based on your ALIVE stake.
hafizullah,5.931e-05,BRO,Daily payout based on your ALIVE stake.
motun,5.931e-05,BRO,Daily payout based on your ALIVE stake.
mohammadfaisal,5.931e-05,BRO,Daily payout based on your ALIVE stake.
mjlipsey3018,5.931e-05,BRO,Daily payout based on your ALIVE stake.
missagora,5.931e-05,BRO,Daily payout based on your ALIVE stake.
michaelugom,5.931e-05,BRO,Daily payout based on your ALIVE stake.
mhizerbee,5.931e-05,BRO,Daily payout based on your ALIVE stake.
martinsworld,5.931e-05,BRO,Daily payout based on your ALIVE stake.
marleyn,5.931e-05,BRO,Daily payout based on your ALIVE stake.
mariez,5.931e-05,BRO,Daily payout based on your ALIVE stake.
hertz.rhb,5.931e-05,BRO,Daily payout based on your ALIVE stake.
maaz23,5.931e-05,BRO,Daily payout based on your ALIVE stake.
tariqul.bibm,5.931e-05,BRO,Daily payout based on your ALIVE stake.
thecrytotrader,5.931e-05,BRO,Daily payout based on your ALIVE stake.
esomchi,5.931e-05,BRO,Daily payout based on your ALIVE stake.
exavil,5.931e-05,BRO,Daily payout based on your ALIVE stake.
debbyola,5.931e-05,BRO,Daily payout based on your ALIVE stake.
fermionico,5.931e-05,BRO,Daily payout based on your ALIVE stake.
femorano,5.931e-05,BRO,Daily payout based on your ALIVE stake.
febbykeys,5.931e-05,BRO,Daily payout based on your ALIVE stake.
deputycowboy,5.931e-05,BRO,Daily payout based on your ALIVE stake.
dijin,5.931e-05,BRO,Daily payout based on your ALIVE stake.
doana1,5.931e-05,BRO,Daily payout based on your ALIVE stake.
dimsyto,5.931e-05,BRO,Daily payout based on your ALIVE stake.
distinction001,5.931e-05,BRO,Daily payout based on your ALIVE stake.
wanasoloben,5.931e-05,BRO,Daily payout based on your ALIVE stake.
evegrace,5.931e-05,BRO,Daily payout based on your ALIVE stake.
enivelo,5.931e-05,BRO,Daily payout based on your ALIVE stake.
emmanuel-pade,5.931e-05,BRO,Daily payout based on your ALIVE stake.
elizacheng,5.931e-05,BRO,Daily payout based on your ALIVE stake.
eldecor,5.931e-05,BRO,Daily payout based on your ALIVE stake.
eddyeshiet,5.931e-05,BRO,Daily payout based on your ALIVE stake.
improbableliason,5.931e-05,BRO,Daily payout based on your ALIVE stake.
earnlogy,5.931e-05,BRO,Daily payout based on your ALIVE stake.
willspatrick,5.931e-05,BRO,Daily payout based on your ALIVE stake.
dowie,5.931e-05,BRO,Daily payout based on your ALIVE stake.
voclab,5.931e-05,BRO,Daily payout based on your ALIVE stake.
videosteemit,5.931e-05,BRO,Daily payout based on your ALIVE stake.
trumpman2,5.931e-05,BRO,Daily payout based on your ALIVE stake.
usenflourish,5.931e-05,BRO,Daily payout based on your ALIVE stake.
uniquechallenges,5.931e-05,BRO,Daily payout based on your ALIVE stake.
unyime1,5.931e-05,BRO,Daily payout based on your ALIVE stake.
toufiq777,5.931e-05,BRO,Daily payout based on your ALIVE stake.
the-sports-nerd,5.931e-05,BRO,Daily payout based on your ALIVE stake.
dawnndusk,5.931e-05,BRO,Daily payout based on your ALIVE stake.
truth2,5.737e-05,BRO,Daily payout based on your ALIVE stake.
thegoliath,5.733e-05,BRO,Daily payout based on your ALIVE stake.
eyewaa,5.706e-05,BRO,Daily payout based on your ALIVE stake.
johnuko,5.61e-05,BRO,Daily payout based on your ALIVE stake.
kevmcc,5.472e-05,BRO,Daily payout based on your ALIVE stake.
clicks2cash,5.211e-05,BRO,Daily payout based on your ALIVE stake.
clavdio75,5.092e-05,BRO,Daily payout based on your ALIVE stake.
indiebandguru,5.086e-05,BRO,Daily payout based on your ALIVE stake.
ijat,5.013e-05,BRO,Daily payout based on your ALIVE stake.
jfuji,4.954e-05,BRO,Daily payout based on your ALIVE stake.
myanmarkoko,4.895e-05,BRO,Daily payout based on your ALIVE stake.
hannes-stoffel,4.863e-05,BRO,Daily payout based on your ALIVE stake.
yuzana,4.849e-05,BRO,Daily payout based on your ALIVE stake.
anderssinho,4.835e-05,BRO,Daily payout based on your ALIVE stake.
uggya,4.81e-05,BRO,Daily payout based on your ALIVE stake.
ganjafarmer,4.789e-05,BRO,Daily payout based on your ALIVE stake.
fnvdesigns,4.712e-05,BRO,Daily payout based on your ALIVE stake.
curatorcat.leo,4.664e-05,BRO,Daily payout based on your ALIVE stake.
kryptofire,4.604e-05,BRO,Daily payout based on your ALIVE stake.
athomewithcraig,4.602e-05,BRO,Daily payout based on your ALIVE stake.
pob.macro,4.561e-05,BRO,Daily payout based on your ALIVE stake.
fruityfruitz,4.47e-05,BRO,Daily payout based on your ALIVE stake.
urkanon,4.457e-05,BRO,Daily payout based on your ALIVE stake.
memess.curator,4.442e-05,BRO,Daily payout based on your ALIVE stake.
hive-143869,4.418e-05,BRO,Daily payout based on your ALIVE stake.
xplosive,4.356e-05,BRO,Daily payout based on your ALIVE stake.
doctorfate,4.353e-05,BRO,Daily payout based on your ALIVE stake.
dotz132,4.273e-05,BRO,Daily payout based on your ALIVE stake.
elkingplayer,4.26e-05,BRO,Daily payout based on your ALIVE stake.
wagyutrader,4.217e-05,BRO,Daily payout based on your ALIVE stake.
risingstarpool,4.189e-05,BRO,Daily payout based on your ALIVE stake.
offgridlife,4.146e-05,BRO,Daily payout based on your ALIVE stake.
kaniz,4.142e-05,BRO,Daily payout based on your ALIVE stake.
pompeylad,4.131e-05,BRO,Daily payout based on your ALIVE stake.
ewkaw,4.125e-05,BRO,Daily payout based on your ALIVE stake.
jeevesyboy,4.119e-05,BRO,Daily payout based on your ALIVE stake.
actifit-peter,4.101e-05,BRO,Daily payout based on your ALIVE stake.
helios.curator,4.093e-05,BRO,Daily payout based on your ALIVE stake.
wiljman76,4.081e-05,BRO,Daily payout based on your ALIVE stake.
helios.publisher,4.069e-05,BRO,Daily payout based on your ALIVE stake.
dragokazo,4.029e-05,BRO,Daily payout based on your ALIVE stake.
amaari,3.977e-05,BRO,Daily payout based on your ALIVE stake.
mdrasel442,3.912e-05,BRO,Daily payout based on your ALIVE stake.
alinalazareva,3.832e-05,BRO,Daily payout based on your ALIVE stake.
benthomasuk,3.745e-05,BRO,Daily payout based on your ALIVE stake.
captainspaulding,3.676e-05,BRO,Daily payout based on your ALIVE stake.
thgaming,3.575e-05,BRO,Daily payout based on your ALIVE stake.
vagabond42069,3.561e-05,BRO,Daily payout based on your ALIVE stake.
eddwood,3.503e-05,BRO,Daily payout based on your ALIVE stake.
littlenewthings,3.471e-05,BRO,Daily payout based on your ALIVE stake.
pinkfloyd878,3.438e-05,BRO,Daily payout based on your ALIVE stake.
svanbo,3.383e-05,BRO,Daily payout based on your ALIVE stake.
realsort,3.299e-05,BRO,Daily payout based on your ALIVE stake.
kcgm,3.276e-05,BRO,Daily payout based on your ALIVE stake.
potta,3.252e-05,BRO,Daily payout based on your ALIVE stake.
entrepidus,3.217e-05,BRO,Daily payout based on your ALIVE stake.
jhepong,3.088e-05,BRO,Daily payout based on your ALIVE stake.
candnpg,3.063e-05,BRO,Daily payout based on your ALIVE stake.
memehive,3.061e-05,BRO,Daily payout based on your ALIVE stake.
tosolini,3.06e-05,BRO,Daily payout based on your ALIVE stake.
giono,3.008e-05,BRO,Daily payout based on your ALIVE stake.
brando28,2.989e-05,BRO,Daily payout based on your ALIVE stake.
cliffagreen,2.982e-05,BRO,Daily payout based on your ALIVE stake.
my1440,2.938e-05,BRO,Daily payout based on your ALIVE stake.
soonlambo,2.931e-05,BRO,Daily payout based on your ALIVE stake.
thranax,2.912e-05,BRO,Daily payout based on your ALIVE stake.
ksam,2.846e-05,BRO,Daily payout based on your ALIVE stake.
kevinnag58,2.826e-05,BRO,Daily payout based on your ALIVE stake.
cpol,2.812e-05,BRO,Daily payout based on your ALIVE stake.
ovey10,2.774e-05,BRO,Daily payout based on your ALIVE stake.
bokica80,2.768e-05,BRO,Daily payout based on your ALIVE stake.
mell79,2.754e-05,BRO,Daily payout based on your ALIVE stake.
jesustiano,2.743e-05,BRO,Daily payout based on your ALIVE stake.
ayesha-malik,2.689e-05,BRO,Daily payout based on your ALIVE stake.
thehive,2.674e-05,BRO,Daily payout based on your ALIVE stake.
isiksenpalvoja,2.622e-05,BRO,Daily payout based on your ALIVE stake.
marvinix,2.617e-05,BRO,Daily payout based on your ALIVE stake.
cezary-io,2.616e-05,BRO,Daily payout based on your ALIVE stake.
akumagai,2.612e-05,BRO,Daily payout based on your ALIVE stake.
mariya36,2.606e-05,BRO,Daily payout based on your ALIVE stake.
plantpoweronhive,2.586e-05,BRO,Daily payout based on your ALIVE stake.
ryanth17,2.552e-05,BRO,Daily payout based on your ALIVE stake.
psychophilo,2.546e-05,BRO,Daily payout based on your ALIVE stake.
hivebuzz,2.429e-05,BRO,Daily payout based on your ALIVE stake.
markhodge,2.414e-05,BRO,Daily payout based on your ALIVE stake.
eunice9200,2.372e-05,BRO,Daily payout based on your ALIVE stake.
hive-199275,2.362e-05,BRO,Daily payout based on your ALIVE stake.
dmhafiz,2.36e-05,BRO,Daily payout based on your ALIVE stake.
lolz.devs,2.301e-05,BRO,Daily payout based on your ALIVE stake.
plint,2.295e-05,BRO,Daily payout based on your ALIVE stake.
sinistry,2.291e-05,BRO,Daily payout based on your ALIVE stake.
amaillo,2.276e-05,BRO,Daily payout based on your ALIVE stake.
barski,2.27e-05,BRO,Daily payout based on your ALIVE stake.
nastyforce,2.238e-05,BRO,Daily payout based on your ALIVE stake.
braaiboy,2.229e-05,BRO,Daily payout based on your ALIVE stake.
hariton,2.205e-05,BRO,Daily payout based on your ALIVE stake.
ngwinndave,2.169e-05,BRO,Daily payout based on your ALIVE stake.
hiveboost,2.161e-05,BRO,Daily payout based on your ALIVE stake.
dstampede,2.149e-05,BRO,Daily payout based on your ALIVE stake.
chatsunny,2.135e-05,BRO,Daily payout based on your ALIVE stake.
lotto-de,2.124e-05,BRO,Daily payout based on your ALIVE stake.
andy4475,2.094e-05,BRO,Daily payout based on your ALIVE stake.
bilpcoinbpc,2.088e-05,BRO,Daily payout based on your ALIVE stake.
stefano.massari,2.083e-05,BRO,Daily payout based on your ALIVE stake.
lolzbot,2.057e-05,BRO,Daily payout based on your ALIVE stake.
jaybart,2.046e-05,BRO,Daily payout based on your ALIVE stake.
erhan92,2.039e-05,BRO,Daily payout based on your ALIVE stake.
vaped,2.039e-05,BRO,Daily payout based on your ALIVE stake.
risingstargame,2.029e-05,BRO,Daily payout based on your ALIVE stake.
amirtheawesome1,2.014e-05,BRO,Daily payout based on your ALIVE stake.
cuddlekitten,2.007e-05,BRO,Daily payout based on your ALIVE stake.
lv99-rd-chocobo,2.001e-05,BRO,Daily payout based on your ALIVE stake.
bananofarmer,1.997e-05,BRO,Daily payout based on your ALIVE stake.
birdbeaksd,1.991e-05,BRO,Daily payout based on your ALIVE stake.
servelle,1.989e-05,BRO,Daily payout based on your ALIVE stake.
neoxian,1.971e-05,BRO,Daily payout based on your ALIVE stake.
atomcollector,1.947e-05,BRO,Daily payout based on your ALIVE stake.
thisismylife,1.939e-05,BRO,Daily payout based on your ALIVE stake.
brutalmonkey,1.936e-05,BRO,Daily payout based on your ALIVE stake.
sirenahippie,1.925e-05,BRO,Daily payout based on your ALIVE stake.
projectmamabg,1.889e-05,BRO,Daily payout based on your ALIVE stake.
ifarmgirl,1.889e-05,BRO,Daily payout based on your ALIVE stake.
jurusakhir,1.884e-05,BRO,Daily payout based on your ALIVE stake.
tagmout,1.878e-05,BRO,Daily payout based on your ALIVE stake.
tanjakolader,1.873e-05,BRO,Daily payout based on your ALIVE stake.
petertag,1.868e-05,BRO,Daily payout based on your ALIVE stake.
luba555,1.863e-05,BRO,Daily payout based on your ALIVE stake.
coquicoin,1.845e-05,BRO,Daily payout based on your ALIVE stake.
gratitudemine,1.8e-05,BRO,Daily payout based on your ALIVE stake.
achim03,1.794e-05,BRO,Daily payout based on your ALIVE stake.
dontcare89,1.793e-05,BRO,Daily payout based on your ALIVE stake.
thedoc07,1.792e-05,BRO,Daily payout based on your ALIVE stake.
coin.curator,1.759e-05,BRO,Daily payout based on your ALIVE stake.
tarot911,1.724e-05,BRO,Daily payout based on your ALIVE stake.
untzuntzuntz,1.703e-05,BRO,Daily payout based on your ALIVE stake.
mspbro,1.69e-05,BRO,Daily payout based on your ALIVE stake.
atma.love,1.678e-05,BRO,Daily payout based on your ALIVE stake.
fridee75,1.644e-05,BRO,Daily payout based on your ALIVE stake.
dk1trade,1.632e-05,BRO,Daily payout based on your ALIVE stake.
papilloncharity,1.63e-05,BRO,Daily payout based on your ALIVE stake.
lorddiablo,1.603e-05,BRO,Daily payout based on your ALIVE stake.
curatorcat,1.593e-05,BRO,Daily payout based on your ALIVE stake.
albator85,1.584e-05,BRO,Daily payout based on your ALIVE stake.
florenceboens,1.538e-05,BRO,Daily payout based on your ALIVE stake.
kdtkaren,1.506e-05,BRO,Daily payout based on your ALIVE stake.
shinyobjects,1.502e-05,BRO,Daily payout based on your ALIVE stake.
hive-102040,1.437e-05,BRO,Daily payout based on your ALIVE stake.
curatorcat.pal,1.416e-05,BRO,Daily payout based on your ALIVE stake.
nobutsd1974,1.41e-05,BRO,Daily payout based on your ALIVE stake.
rzc24-nftbbg,1.404e-05,BRO,Daily payout based on your ALIVE stake.
freedomprepper,1.397e-05,BRO,Daily payout based on your ALIVE stake.
hucksbucks,1.381e-05,BRO,Daily payout based on your ALIVE stake.
bilpcoinbot,1.353e-05,BRO,Daily payout based on your ALIVE stake.
kehrwoche,1.344e-05,BRO,Daily payout based on your ALIVE stake.
rayius,1.328e-05,BRO,Daily payout based on your ALIVE stake.
plicc8,1.322e-05,BRO,Daily payout based on your ALIVE stake.
mawit07,1.313e-05,BRO,Daily payout based on your ALIVE stake.
stewie.wieno,1.266e-05,BRO,Daily payout based on your ALIVE stake.
bilpcoin,1.261e-05,BRO,Daily payout based on your ALIVE stake.
lolz.oneup,1.223e-05,BRO,Daily payout based on your ALIVE stake.
quinnertronics,1.211e-05,BRO,Daily payout based on your ALIVE stake.
bfciv,1.21e-05,BRO,Daily payout based on your ALIVE stake.
generikat,1.204e-05,BRO,Daily payout based on your ALIVE stake.
beeminer,1.198e-05,BRO,Daily payout based on your ALIVE stake.
esecholo,1.195e-05,BRO,Daily payout based on your ALIVE stake.
ninjamike,1.178e-05,BRO,Daily payout based on your ALIVE stake.
trashyomen,1.171e-05,BRO,Daily payout based on your ALIVE stake.
whywhy,1.17e-05,BRO,Daily payout based on your ALIVE stake.
antisocialist,1.142e-05,BRO,Daily payout based on your ALIVE stake.
nahuelgameplays,1.103e-05,BRO,Daily payout based on your ALIVE stake.
jane1289,1.091e-05,BRO,Daily payout based on your ALIVE stake.
darkflame,1.088e-05,BRO,Daily payout based on your ALIVE stake.
fragozar01,1.078e-05,BRO,Daily payout based on your ALIVE stake.
asia-pl,1.066e-05,BRO,Daily payout based on your ALIVE stake.
assasinos3,1.063e-05,BRO,Daily payout based on your ALIVE stake.
darmstrong,1.044e-05,BRO,Daily payout based on your ALIVE stake.
krakonos,1.033e-05,BRO,Daily payout based on your ALIVE stake.
dubble,1.021e-05,BRO,Daily payout based on your ALIVE stake.
playbyhive,1.007e-05,BRO,Daily payout based on your ALIVE stake.
supriya.gupta,1.005e-05,BRO,Daily payout based on your ALIVE stake.
elikast,9.94e-06,BRO,Daily payout based on your ALIVE stake.
newairdrop,9.92e-06,BRO,Daily payout based on your ALIVE stake.
johnny023,9.89e-06,BRO,Daily payout based on your ALIVE stake.
bencwarmer,9.88e-06,BRO,Daily payout based on your ALIVE stake.
henruc,9.86e-06,BRO,Daily payout based on your ALIVE stake.
wazock,9.81e-06,BRO,Daily payout based on your ALIVE stake.
mauriciolimax,9.68e-06,BRO,Daily payout based on your ALIVE stake.
priyanarc,9.64e-06,BRO,Daily payout based on your ALIVE stake.
happyme,9.48e-06,BRO,Daily payout based on your ALIVE stake.
fredfettmeister,9.48e-06,BRO,Daily payout based on your ALIVE stake.
otuyanancy,9.28e-06,BRO,Daily payout based on your ALIVE stake.
farhansadik2,8.95e-06,BRO,Daily payout based on your ALIVE stake.
kizunasport,8.53e-06,BRO,Daily payout based on your ALIVE stake.
nietokilll,8.53e-06,BRO,Daily payout based on your ALIVE stake.
ravenmus1c,8.47e-06,BRO,Daily payout based on your ALIVE stake.
nitin21,8.44e-06,BRO,Daily payout based on your ALIVE stake.
lxsxl,8.41e-06,BRO,Daily payout based on your ALIVE stake.
middle-earthling,8.29e-06,BRO,Daily payout based on your ALIVE stake.
dreemsteem,8.22e-06,BRO,Daily payout based on your ALIVE stake.
jsynnthagr8,8.21e-06,BRO,Daily payout based on your ALIVE stake.
edgar-alive,8.18e-06,BRO,Daily payout based on your ALIVE stake.
thequizshow,8.09e-06,BRO,Daily payout based on your ALIVE stake.
hurtlocker,8.06e-06,BRO,Daily payout based on your ALIVE stake.
mehmetfix,8.02e-06,BRO,Daily payout based on your ALIVE stake.
mateodm03,7.93e-06,BRO,Daily payout based on your ALIVE stake.
ecency,7.89e-06,BRO,Daily payout based on your ALIVE stake.
zirochka,7.89e-06,BRO,Daily payout based on your ALIVE stake.
sunset.curator,7.87e-06,BRO,Daily payout based on your ALIVE stake.
phoenixwren,7.82e-06,BRO,Daily payout based on your ALIVE stake.
nyinyiwin,7.82e-06,BRO,Daily payout based on your ALIVE stake.
superxsymbiote,7.68e-06,BRO,Daily payout based on your ALIVE stake.
williamtboy,7.61e-06,BRO,Daily payout based on your ALIVE stake.
alberto0607,7.47e-06,BRO,Daily payout based on your ALIVE stake.
dwarflordnoj,7.46e-06,BRO,Daily payout based on your ALIVE stake.
methodofmad,7.43e-06,BRO,Daily payout based on your ALIVE stake.
danideuder,7.41e-06,BRO,Daily payout based on your ALIVE stake.
bitandi,7.38e-06,BRO,Daily payout based on your ALIVE stake.
dajokawild,7.28e-06,BRO,Daily payout based on your ALIVE stake.
buffalobison,7.22e-06,BRO,Daily payout based on your ALIVE stake.
fernandoylet,7.22e-06,BRO,Daily payout based on your ALIVE stake.
sonaker,7.12e-06,BRO,Daily payout based on your ALIVE stake.
arc7icwolf,7.1e-06,BRO,Daily payout based on your ALIVE stake.
penyaircyber,7.05e-06,BRO,Daily payout based on your ALIVE stake.
andyplays,7.01e-06,BRO,Daily payout based on your ALIVE stake.
koussbar,6.99e-06,BRO,Daily payout based on your ALIVE stake.
itsostylish,6.96e-06,BRO,Daily payout based on your ALIVE stake.
thecryptopimp,6.94e-06,BRO,Daily payout based on your ALIVE stake.
gillianpearce,6.94e-06,BRO,Daily payout based on your ALIVE stake.
rentaw03,6.92e-06,BRO,Daily payout based on your ALIVE stake.
lolztoken,6.71e-06,BRO,Daily payout based on your ALIVE stake.
krevasilis,6.64e-06,BRO,Daily payout based on your ALIVE stake.
jongolson,6.63e-06,BRO,Daily payout based on your ALIVE stake.
failingforwards,6.6e-06,BRO,Daily payout based on your ALIVE stake.
choco11oreo11,6.51e-06,BRO,Daily payout based on your ALIVE stake.
cindynancy,6.49e-06,BRO,Daily payout based on your ALIVE stake.
tattoodjay,6.46e-06,BRO,Daily payout based on your ALIVE stake.
steevc,6.41e-06,BRO,Daily payout based on your ALIVE stake.
liquidity.pool,6.37e-06,BRO,Daily payout based on your ALIVE stake.
yen1503,6.3e-06,BRO,Daily payout based on your ALIVE stake.
bobthebuilder2,6.28e-06,BRO,Daily payout based on your ALIVE stake.
freed99,6.27e-06,BRO,Daily payout based on your ALIVE stake.
josman831,6.18e-06,BRO,Daily payout based on your ALIVE stake.
rosalestrust,6.18e-06,BRO,Daily payout based on your ALIVE stake.
gtpjfoodbank,6.1e-06,BRO,Daily payout based on your ALIVE stake.
sydney.potts,6.1e-06,BRO,Daily payout based on your ALIVE stake.
blitzzzz,6.06e-06,BRO,Daily payout based on your ALIVE stake.
hopestylist,5.97e-06,BRO,Daily payout based on your ALIVE stake.
soyunasantacruz,5.93e-06,BRO,Daily payout based on your ALIVE stake.
c3r34lk1ll3r,5.9e-06,BRO,Daily payout based on your ALIVE stake.
rs405,5.85e-06,BRO,Daily payout based on your ALIVE stake.
hhayweaver,5.73e-06,BRO,Daily payout based on your ALIVE stake.
ykretz.sports,5.51e-06,BRO,Daily payout based on your ALIVE stake.
mineopoly,5.46e-06,BRO,Daily payout based on your ALIVE stake.
libertysports27,5.4e-06,BRO,Daily payout based on your ALIVE stake.
thaddeusprime,5.29e-06,BRO,Daily payout based on your ALIVE stake.
vikingingergiant,5.25e-06,BRO,Daily payout based on your ALIVE stake.
ehizgabriel,5.21e-06,BRO,Daily payout based on your ALIVE stake.
hiveborgminer,5.16e-06,BRO,Daily payout based on your ALIVE stake.
slhp,5.16e-06,BRO,Daily payout based on your ALIVE stake.
khoola,5.14e-06,BRO,Daily payout based on your ALIVE stake.
thereikiforest,5.1e-06,BRO,Daily payout based on your ALIVE stake.
emeraldtiger,5.07e-06,BRO,Daily payout based on your ALIVE stake.
alonicus,5.06e-06,BRO,Daily payout based on your ALIVE stake.
collinz,5.05e-06,BRO,Daily payout based on your ALIVE stake.
siberian12,5e-06,BRO,Daily payout based on your ALIVE stake.
zakludick,5e-06,BRO,Daily payout based on your ALIVE stake.
arena10,4.93e-06,BRO,Daily payout based on your ALIVE stake.
linlove,4.87e-06,BRO,Daily payout based on your ALIVE stake.
rtonline,4.84e-06,BRO,Daily payout based on your ALIVE stake.
holoferncro,4.84e-06,BRO,Daily payout based on your ALIVE stake.
cleanyourcity,4.79e-06,BRO,Daily payout based on your ALIVE stake.
demotry,4.7e-06,BRO,Daily payout based on your ALIVE stake.
siramadeus,4.68e-06,BRO,Daily payout based on your ALIVE stake.
kamalhs,4.63e-06,BRO,Daily payout based on your ALIVE stake.
freeads.club,4.62e-06,BRO,Daily payout based on your ALIVE stake.
sentipl,4.52e-06,BRO,Daily payout based on your ALIVE stake.
ricardoeloy,4.52e-06,BRO,Daily payout based on your ALIVE stake.
jacuzzi,4.51e-06,BRO,Daily payout based on your ALIVE stake.
serhotest,4.48e-06,BRO,Daily payout based on your ALIVE stake.
pichat,4.48e-06,BRO,Daily payout based on your ALIVE stake.
trincowski,4.45e-06,BRO,Daily payout based on your ALIVE stake.
agreste,4.44e-06,BRO,Daily payout based on your ALIVE stake.
yasirgujrati,4.41e-06,BRO,Daily payout based on your ALIVE stake.
luizeba,4.39e-06,BRO,Daily payout based on your ALIVE stake.
bozz,4.39e-06,BRO,Daily payout based on your ALIVE stake.
urri2020,4.39e-06,BRO,Daily payout based on your ALIVE stake.
dlmmqb,4.38e-06,BRO,Daily payout based on your ALIVE stake.
dbooster,4.36e-06,BRO,Daily payout based on your ALIVE stake.
vesytz,4.34e-06,BRO,Daily payout based on your ALIVE stake.
misslasvegas,4.32e-06,BRO,Daily payout based on your ALIVE stake.
poprzeczka,4.27e-06,BRO,Daily payout based on your ALIVE stake.
yibbiy,4.24e-06,BRO,Daily payout based on your ALIVE stake.
libertycrypto27,4.22e-06,BRO,Daily payout based on your ALIVE stake.
gwajnberg,4.22e-06,BRO,Daily payout based on your ALIVE stake.
swearingradio,4.2e-06,BRO,Daily payout based on your ALIVE stake.
robwillmann,4.19e-06,BRO,Daily payout based on your ALIVE stake.
infinitytcg,4.15e-06,BRO,Daily payout based on your ALIVE stake.
deeanndmathews,4.15e-06,BRO,Daily payout based on your ALIVE stake.
jaopalas,4.15e-06,BRO,Daily payout based on your ALIVE stake.
enginewitty,4.12e-06,BRO,Daily payout based on your ALIVE stake.
dickturpin,4.11e-06,BRO,Daily payout based on your ALIVE stake.
wittyzell,4.08e-06,BRO,Daily payout based on your ALIVE stake.
myrv,4.07e-06,BRO,Daily payout based on your ALIVE stake.
da-prince,4.03e-06,BRO,Daily payout based on your ALIVE stake.
joalheal,4.02e-06,BRO,Daily payout based on your ALIVE stake.
cryptokim03,4e-06,BRO,Daily payout based on your ALIVE stake.
paulmoon410,3.88e-06,BRO,Daily payout based on your ALIVE stake.
w1tty,3.87e-06,BRO,Daily payout based on your ALIVE stake.
angie08,3.87e-06,BRO,Daily payout based on your ALIVE stake.
daje10,3.86e-06,BRO,Daily payout based on your ALIVE stake.
ydaiznfts,3.86e-06,BRO,Daily payout based on your ALIVE stake.
merit.ahama,3.82e-06,BRO,Daily payout based on your ALIVE stake.
oneup-cartel,3.81e-06,BRO,Daily payout based on your ALIVE stake.
dunksocial,3.78e-06,BRO,Daily payout based on your ALIVE stake.
ph1102,3.78e-06,BRO,Daily payout based on your ALIVE stake.
filosof103,3.78e-06,BRO,Daily payout based on your ALIVE stake.
danielhuhservice,3.77e-06,BRO,Daily payout based on your ALIVE stake.
ruralio,3.75e-06,BRO,Daily payout based on your ALIVE stake.
honusurf,3.75e-06,BRO,Daily payout based on your ALIVE stake.
cryptofiloz,3.7e-06,BRO,Daily payout based on your ALIVE stake.
hatke,3.7e-06,BRO,Daily payout based on your ALIVE stake.
hollowknightgod,3.68e-06,BRO,Daily payout based on your ALIVE stake.
aljif7,3.66e-06,BRO,Daily payout based on your ALIVE stake.
ahmadmangazap,3.66e-06,BRO,Daily payout based on your ALIVE stake.
nyimwa,3.62e-06,BRO,Daily payout based on your ALIVE stake.
circlebubble,3.54e-06,BRO,Daily payout based on your ALIVE stake.
daniky,3.54e-06,BRO,Daily payout based on your ALIVE stake.
tampilyne,3.47e-06,BRO,Daily payout based on your ALIVE stake.
eii,3.42e-06,BRO,Daily payout based on your ALIVE stake.
weesleytv,3.34e-06,BRO,Daily payout based on your ALIVE stake.
liotes,3.34e-06,BRO,Daily payout based on your ALIVE stake.
justice007,3.3e-06,BRO,Daily payout based on your ALIVE stake.
iceledy,3.28e-06,BRO,Daily payout based on your ALIVE stake.
oadissin,3.27e-06,BRO,Daily payout based on your ALIVE stake.
ynwa.andree,3.19e-06,BRO,Daily payout based on your ALIVE stake.
wesphilbin,3.18e-06,BRO,Daily payout based on your ALIVE stake.
bucipuci,3.13e-06,BRO,Daily payout based on your ALIVE stake.
m3ss,3.11e-06,BRO,Daily payout based on your ALIVE stake.
cryptoalvirin,3.04e-06,BRO,Daily payout based on your ALIVE stake.
eythorphoto,3.02e-06,BRO,Daily payout based on your ALIVE stake.
hive-data,3.01e-06,BRO,Daily payout based on your ALIVE stake.
nickydee,3.01e-06,BRO,Daily payout based on your ALIVE stake.
dirego1,3.01e-06,BRO,Daily payout based on your ALIVE stake.
queercoin,2.99e-06,BRO,Daily payout based on your ALIVE stake.
lologom,2.95e-06,BRO,Daily payout based on your ALIVE stake.
shanibeer,2.93e-06,BRO,Daily payout based on your ALIVE stake.
lordtimoty,2.93e-06,BRO,Daily payout based on your ALIVE stake.
buzzgoblin,2.89e-06,BRO,Daily payout based on your ALIVE stake.
sapphireleopard,2.88e-06,BRO,Daily payout based on your ALIVE stake.
cryptoniusrex,2.85e-06,BRO,Daily payout based on your ALIVE stake.
txracer,2.85e-06,BRO,Daily payout based on your ALIVE stake.
tokens-fr,2.84e-06,BRO,Daily payout based on your ALIVE stake.
litguru,2.81e-06,BRO,Daily payout based on your ALIVE stake.
ziabutt3836,2.77e-06,BRO,Daily payout based on your ALIVE stake.
namelessnameless,2.77e-06,BRO,Daily payout based on your ALIVE stake.
officialrosh1,2.76e-06,BRO,Daily payout based on your ALIVE stake.
zolajade,2.68e-06,BRO,Daily payout based on your ALIVE stake.
slothlydoesit,2.68e-06,BRO,Daily payout based on your ALIVE stake.
luvshares,2.62e-06,BRO,Daily payout based on your ALIVE stake.
m0rph,2.6e-06,BRO,Daily payout based on your ALIVE stake.
blackdaisyft,2.6e-06,BRO,Daily payout based on your ALIVE stake.
alitas,2.6e-06,BRO,Daily payout based on your ALIVE stake.
tygertyger,2.53e-06,BRO,Daily payout based on your ALIVE stake.
katiebeth,2.52e-06,BRO,Daily payout based on your ALIVE stake.
elgringoviejo,2.48e-06,BRO,Daily payout based on your ALIVE stake.
photofeed,2.48e-06,BRO,Daily payout based on your ALIVE stake.
ragk88,2.48e-06,BRO,Daily payout based on your ALIVE stake.
ecto1337,2.43e-06,BRO,Daily payout based on your ALIVE stake.
emeka4,2.4e-06,BRO,Daily payout based on your ALIVE stake.
juliamulcahy,2.4e-06,BRO,Daily payout based on your ALIVE stake.
victorbch,2.4e-06,BRO,Daily payout based on your ALIVE stake.
freemoneyy,2.38e-06,BRO,Daily payout based on your ALIVE stake.
familiadare,2.36e-06,BRO,Daily payout based on your ALIVE stake.
arcange,2.36e-06,BRO,Daily payout based on your ALIVE stake.
freegifts,2.36e-06,BRO,Daily payout based on your ALIVE stake.
khaleesii,2.36e-06,BRO,Daily payout based on your ALIVE stake.
ivarbjorn,2.34e-06,BRO,Daily payout based on your ALIVE stake.
sinelux,2.33e-06,BRO,Daily payout based on your ALIVE stake.
cryptoplanetbg,2.32e-06,BRO,Daily payout based on your ALIVE stake.
rafasete,2.3e-06,BRO,Daily payout based on your ALIVE stake.
amigareaction,2.28e-06,BRO,Daily payout based on your ALIVE stake.
actifit,2.28e-06,BRO,Daily payout based on your ALIVE stake.
achimmertens,2.28e-06,BRO,Daily payout based on your ALIVE stake.
traciyork,2.26e-06,BRO,Daily payout based on your ALIVE stake.
jayna,2.24e-06,BRO,Daily payout based on your ALIVE stake.
bluefinstudios,2.22e-06,BRO,Daily payout based on your ALIVE stake.
daljit1,2.2e-06,BRO,Daily payout based on your ALIVE stake.
itharagaian,2.2e-06,BRO,Daily payout based on your ALIVE stake.
iskafan,2.2e-06,BRO,Daily payout based on your ALIVE stake.
digitalbrain,2.2e-06,BRO,Daily payout based on your ALIVE stake.
naythan,2.19e-06,BRO,Daily payout based on your ALIVE stake.
casimodo,2.16e-06,BRO,Daily payout based on your ALIVE stake.
lesmann,2.16e-06,BRO,Daily payout based on your ALIVE stake.
akiraymd,2.14e-06,BRO,Daily payout based on your ALIVE stake.
superslayer0040,2.13e-06,BRO,Daily payout based on your ALIVE stake.
belzebuzi,2.12e-06,BRO,Daily payout based on your ALIVE stake.
hatdogsensei,2.12e-06,BRO,Daily payout based on your ALIVE stake.
alexis666,2.12e-06,BRO,Daily payout based on your ALIVE stake.
nasincera,2.11e-06,BRO,Daily payout based on your ALIVE stake.
cliffblank,2.11e-06,BRO,Daily payout based on your ALIVE stake.
mango-juice,2.09e-06,BRO,Daily payout based on your ALIVE stake.
helios.surf,2.08e-06,BRO,Daily payout based on your ALIVE stake.
gregory-f,2.05e-06,BRO,Daily payout based on your ALIVE stake.
huckleberrie,2.04e-06,BRO,Daily payout based on your ALIVE stake.
kaycooks,2.04e-06,BRO,Daily payout based on your ALIVE stake.
gaming.grants,2.03e-06,BRO,Daily payout based on your ALIVE stake.
kemmyb,2.03e-06,BRO,Daily payout based on your ALIVE stake.
silverquest,2.03e-06,BRO,Daily payout based on your ALIVE stake.
princessbusayo,2.03e-06,BRO,Daily payout based on your ALIVE stake.
paul20,2.03e-06,BRO,Daily payout based on your ALIVE stake.
djtrucker,2.03e-06,BRO,Daily payout based on your ALIVE stake.
deraaa,2.03e-06,BRO,Daily payout based on your ALIVE stake.
practicaleric,2.03e-06,BRO,Daily payout based on your ALIVE stake.
blumela,2.02e-06,BRO,Daily payout based on your ALIVE stake.
wil.metcalfe,1.99e-06,BRO,Daily payout based on your ALIVE stake.
mojicap,1.99e-06,BRO,Daily payout based on your ALIVE stake.
ultratrain,1.96e-06,BRO,Daily payout based on your ALIVE stake.
iceman23,1.95e-06,BRO,Daily payout based on your ALIVE stake.
belhaven14,1.95e-06,BRO,Daily payout based on your ALIVE stake.
maccazftw,1.95e-06,BRO,Daily payout based on your ALIVE stake.
mario02,1.94e-06,BRO,Daily payout based on your ALIVE stake.
wanderingmoon,1.92e-06,BRO,Daily payout based on your ALIVE stake.
vrezion,1.91e-06,BRO,Daily payout based on your ALIVE stake.
joetunex,1.91e-06,BRO,Daily payout based on your ALIVE stake.
ilap,1.9e-06,BRO,Daily payout based on your ALIVE stake.
myeong,1.87e-06,BRO,Daily payout based on your ALIVE stake.
titly,1.87e-06,BRO,Daily payout based on your ALIVE stake.
maarnio,1.83e-06,BRO,Daily payout based on your ALIVE stake.
mimismartypants,1.82e-06,BRO,Daily payout based on your ALIVE stake.
monochromes,1.79e-06,BRO,Daily payout based on your ALIVE stake.
adcreatordesign,1.76e-06,BRO,Daily payout based on your ALIVE stake.
rgondie,1.76e-06,BRO,Daily payout based on your ALIVE stake.
snook,1.75e-06,BRO,Daily payout based on your ALIVE stake.
cybercrypt0,1.75e-06,BRO,Daily payout based on your ALIVE stake.
vibrokinetic,1.72e-06,BRO,Daily payout based on your ALIVE stake.
ansoe,1.71e-06,BRO,Daily payout based on your ALIVE stake.
foodwhale,1.71e-06,BRO,Daily payout based on your ALIVE stake.
friendlymoose,1.71e-06,BRO,Daily payout based on your ALIVE stake.
alenox,1.67e-06,BRO,Daily payout based on your ALIVE stake.
therneau,1.67e-06,BRO,Daily payout based on your ALIVE stake.
vrezyy,1.67e-06,BRO,Daily payout based on your ALIVE stake.
zfg,1.65e-06,BRO,Daily payout based on your ALIVE stake.
luueetang,1.63e-06,BRO,Daily payout based on your ALIVE stake.
jaxsonmurph,1.63e-06,BRO,Daily payout based on your ALIVE stake.
balikis95,1.63e-06,BRO,Daily payout based on your ALIVE stake.
kenechukwu97,1.63e-06,BRO,Daily payout based on your ALIVE stake.
joseph23,1.62e-06,BRO,Daily payout based on your ALIVE stake.
tuisada,1.62e-06,BRO,Daily payout based on your ALIVE stake.
yeti72,1.6e-06,BRO,Daily payout based on your ALIVE stake.
killerwot,1.59e-06,BRO,Daily payout based on your ALIVE stake.
arcgspy,1.59e-06,BRO,Daily payout based on your ALIVE stake.
apprentice001,1.59e-06,BRO,Daily payout based on your ALIVE stake.
nasfyneboy92,1.59e-06,BRO,Daily payout based on your ALIVE stake.
hivebg,1.57e-06,BRO,Daily payout based on your ALIVE stake.
meme.bot,1.57e-06,BRO,Daily payout based on your ALIVE stake.
stresskiller,1.56e-06,BRO,Daily payout based on your ALIVE stake.
hivebitsfaucet,1.55e-06,BRO,Daily payout based on your ALIVE stake.
challenge-fr,1.55e-06,BRO,Daily payout based on your ALIVE stake.
waseemahsan887,1.55e-06,BRO,Daily payout based on your ALIVE stake.
heskay,1.55e-06,BRO,Daily payout based on your ALIVE stake.
sommylove,1.55e-06,BRO,Daily payout based on your ALIVE stake.
dswigle,1.55e-06,BRO,Daily payout based on your ALIVE stake.
reccandra,1.54e-06,BRO,Daily payout based on your ALIVE stake.
darmst,1.53e-06,BRO,Daily payout based on your ALIVE stake.
steemjustice,1.51e-06,BRO,Daily payout based on your ALIVE stake.
ervin-lemark,1.51e-06,BRO,Daily payout based on your ALIVE stake.
cmplxty,1.49e-06,BRO,Daily payout based on your ALIVE stake.
fun.miner,1.46e-06,BRO,Daily payout based on your ALIVE stake.
shohana1,1.46e-06,BRO,Daily payout based on your ALIVE stake.
susurrodmisterio,1.46e-06,BRO,Daily payout based on your ALIVE stake.
pensieristupendi,1.46e-06,BRO,Daily payout based on your ALIVE stake.
grocko,1.44e-06,BRO,Daily payout based on your ALIVE stake.
felipejoys,1.42e-06,BRO,Daily payout based on your ALIVE stake.
taskmaster4450le,1.42e-06,BRO,Daily payout based on your ALIVE stake.
pregosauce,1.42e-06,BRO,Daily payout based on your ALIVE stake.
theinkwell,1.42e-06,BRO,Daily payout based on your ALIVE stake.
cindee08,1.41e-06,BRO,Daily payout based on your ALIVE stake.
h3m4n7,1.41e-06,BRO,Daily payout based on your ALIVE stake.
quotidien,1.4e-06,BRO,Daily payout based on your ALIVE stake.
indiaunited,1.38e-06,BRO,Daily payout based on your ALIVE stake.
shollywills,1.38e-06,BRO,Daily payout based on your ALIVE stake.
riverflows,1.38e-06,BRO,Daily payout based on your ALIVE stake.
pdameron,1.38e-06,BRO,Daily payout based on your ALIVE stake.
davidbright,1.38e-06,BRO,Daily payout based on your ALIVE stake.
idksamad78699,1.37e-06,BRO,Daily payout based on your ALIVE stake.
subidu,1.35e-06,BRO,Daily payout based on your ALIVE stake.
prinzvalium,1.34e-06,BRO,Daily payout based on your ALIVE stake.
revideogf,1.34e-06,BRO,Daily payout based on your ALIVE stake.
geom,1.33e-06,BRO,Daily payout based on your ALIVE stake.
olawalium,1.3e-06,BRO,Daily payout based on your ALIVE stake.
raj808,1.3e-06,BRO,Daily payout based on your ALIVE stake.
chincoculbert,1.3e-06,BRO,Daily payout based on your ALIVE stake.
tx24bv2,1.3e-06,BRO,Daily payout based on your ALIVE stake.
rnabc1,1.3e-06,BRO,Daily payout based on your ALIVE stake.
thealliance,1.29e-06,BRO,Daily payout based on your ALIVE stake.
cryptogod1,1.29e-06,BRO,Daily payout based on your ALIVE stake.
akinolawilly,1.29e-06,BRO,Daily payout based on your ALIVE stake.
soltecno,1.26e-06,BRO,Daily payout based on your ALIVE stake.
burlarj,1.26e-06,BRO,Daily payout based on your ALIVE stake.
rentmoney,1.26e-06,BRO,Daily payout based on your ALIVE stake.
alexvan,1.26e-06,BRO,Daily payout based on your ALIVE stake.
freewritehouse,1.22e-06,BRO,Daily payout based on your ALIVE stake.
alejoca,1.22e-06,BRO,Daily payout based on your ALIVE stake.
krazydownhere,1.22e-06,BRO,Daily payout based on your ALIVE stake.
mchero,1.21e-06,BRO,Daily payout based on your ALIVE stake.
rpren,1.21e-06,BRO,Daily payout based on your ALIVE stake.
chanmaly,1.18e-06,BRO,Daily payout based on your ALIVE stake.
inemsweet29,1.18e-06,BRO,Daily payout based on your ALIVE stake.
b0s,1.18e-06,BRO,Daily payout based on your ALIVE stake.
lolxsbudoy,1.18e-06,BRO,Daily payout based on your ALIVE stake.
rynow,1.18e-06,BRO,Daily payout based on your ALIVE stake.
adie44,1.18e-06,BRO,Daily payout based on your ALIVE stake.
seckorama,1.14e-06,BRO,Daily payout based on your ALIVE stake.
sukmhaske,1.14e-06,BRO,Daily payout based on your ALIVE stake.
dayadam,1.14e-06,BRO,Daily payout based on your ALIVE stake.
kalib,1.14e-06,BRO,Daily payout based on your ALIVE stake.
malos10,1.12e-06,BRO,Daily payout based on your ALIVE stake.
grindan,1.11e-06,BRO,Daily payout based on your ALIVE stake.
monstermama,1.1e-06,BRO,Daily payout based on your ALIVE stake.
aschatria,1.1e-06,BRO,Daily payout based on your ALIVE stake.
cescajove,1.1e-06,BRO,Daily payout based on your ALIVE stake.
slobberchops,1.1e-06,BRO,Daily payout based on your ALIVE stake.
chandorepraj,1.1e-06,BRO,Daily payout based on your ALIVE stake.
rezoanulvibes,1.1e-06,BRO,Daily payout based on your ALIVE stake.
chichi18,1.1e-06,BRO,Daily payout based on your ALIVE stake.
kheldar1982,1.1e-06,BRO,Daily payout based on your ALIVE stake.
hive-103505,1.1e-06,BRO,Daily payout based on your ALIVE stake.
cryptochroma,1.09e-06,BRO,Daily payout based on your ALIVE stake.
mistural,1.08e-06,BRO,Daily payout based on your ALIVE stake.
eijibr,1.08e-06,BRO,Daily payout based on your ALIVE stake.
terra.luna,1.06e-06,BRO,Daily payout based on your ALIVE stake.
lipe100dedos,1.06e-06,BRO,Daily payout based on your ALIVE stake.
bloghound,1.06e-06,BRO,Daily payout based on your ALIVE stake.
hoffmeister84,1.06e-06,BRO,Daily payout based on your ALIVE stake.
quduus1,1.06e-06,BRO,Daily payout based on your ALIVE stake.
no-advice,1.06e-06,BRO,Daily payout based on your ALIVE stake.
crrdlx,1.06e-06,BRO,Daily payout based on your ALIVE stake.
gracielaacevedo,1.06e-06,BRO,Daily payout based on your ALIVE stake.
johnbenn,1.06e-06,BRO,Daily payout based on your ALIVE stake.
celi130,1.06e-06,BRO,Daily payout based on your ALIVE stake.
brittandjosie,1.06e-06,BRO,Daily payout based on your ALIVE stake.
diyhub,1.06e-06,BRO,Daily payout based on your ALIVE stake.
coolguy222,1.06e-06,BRO,Daily payout based on your ALIVE stake.
mondhero,1.03e-06,BRO,Daily payout based on your ALIVE stake.
fiatgirl,1.03e-06,BRO,Daily payout based on your ALIVE stake.
leedsunited,1.02e-06,BRO,Daily payout based on your ALIVE stake.
zyzymena,1.02e-06,BRO,Daily payout based on your ALIVE stake.
camillecrls629,1.02e-06,BRO,Daily payout based on your ALIVE stake.
poshtoken,1.02e-06,BRO,Daily payout based on your ALIVE stake.
tommyl33,1.02e-06,BRO,Daily payout based on your ALIVE stake.
actordontee,1.02e-06,BRO,Daily payout based on your ALIVE stake.
jamerussell,1.02e-06,BRO,Daily payout based on your ALIVE stake.
donpapy,1.02e-06,BRO,Daily payout based on your ALIVE stake.
der-prophet,1e-06,BRO,Daily payout based on your ALIVE stake.
sadheaven,1e-06,BRO,Daily payout based on your ALIVE stake.
hive-135376,9.8e-07,BRO,Daily payout based on your ALIVE stake.
alovely,9.8e-07,BRO,Daily payout based on your ALIVE stake.
maxgolden,9.8e-07,BRO,Daily payout based on your ALIVE stake.
dailyspam,9.8e-07,BRO,Daily payout based on your ALIVE stake.
zekepickleman,9.8e-07,BRO,Daily payout based on your ALIVE stake.
henrietta27,9.8e-07,BRO,Daily payout based on your ALIVE stake.
dyson-the-booper,9.8e-07,BRO,Daily payout based on your ALIVE stake.
facu03,9.8e-07,BRO,Daily payout based on your ALIVE stake.
satyre,9.7e-07,BRO,Daily payout based on your ALIVE stake.
lollipopred,9.6e-07,BRO,Daily payout based on your ALIVE stake.
beyondhorizonmm,9.6e-07,BRO,Daily payout based on your ALIVE stake.
pereu4ivatel,9.4e-07,BRO,Daily payout based on your ALIVE stake.
metapiziks,9.4e-07,BRO,Daily payout based on your ALIVE stake.
nicklewis,9.4e-07,BRO,Daily payout based on your ALIVE stake.
darthsauron,9.4e-07,BRO,Daily payout based on your ALIVE stake.
agmoore,9.4e-07,BRO,Daily payout based on your ALIVE stake.
visualblock,9.4e-07,BRO,Daily payout based on your ALIVE stake.
albiro2050,9.4e-07,BRO,Daily payout based on your ALIVE stake.
weldmaster,9.3e-07,BRO,Daily payout based on your ALIVE stake.
darmianto5,9.1e-07,BRO,Daily payout based on your ALIVE stake.
castleberry,9.1e-07,BRO,Daily payout based on your ALIVE stake.
kolkamkwan,9e-07,BRO,Daily payout based on your ALIVE stake.
stamato,9e-07,BRO,Daily payout based on your ALIVE stake.
chetanmann,9e-07,BRO,Daily payout based on your ALIVE stake.
kei2,9e-07,BRO,Daily payout based on your ALIVE stake.
honeysaver,9e-07,BRO,Daily payout based on your ALIVE stake.
repayme4568,9e-07,BRO,Daily payout based on your ALIVE stake.
macclean,8.9e-07,BRO,Daily payout based on your ALIVE stake.
ykretz.leo,8.9e-07,BRO,Daily payout based on your ALIVE stake.
tonybad,8.8e-07,BRO,Daily payout based on your ALIVE stake.
ekavieka,8.8e-07,BRO,Daily payout based on your ALIVE stake.
yieldgrower,8.7e-07,BRO,Daily payout based on your ALIVE stake.
senalove,8.5e-07,BRO,Daily payout based on your ALIVE stake.
stuartcturnbull,8.5e-07,BRO,Daily payout based on your ALIVE stake.
naniplayergamer,8.5e-07,BRO,Daily payout based on your ALIVE stake.
dd01a,8.5e-07,BRO,Daily payout based on your ALIVE stake.
scholaris,8.5e-07,BRO,Daily payout based on your ALIVE stake.
millycf1976,8.5e-07,BRO,Daily payout based on your ALIVE stake.
dbuzz,8.5e-07,BRO,Daily payout based on your ALIVE stake.
danmaruschak,8.5e-07,BRO,Daily payout based on your ALIVE stake.
ricestrela,8.5e-07,BRO,Daily payout based on your ALIVE stake.
sharmanhd,8.5e-07,BRO,Daily payout based on your ALIVE stake.
ctpchat,8.5e-07,BRO,Daily payout based on your ALIVE stake.
revideofg,8.2e-07,BRO,Daily payout based on your ALIVE stake.
bilpcoinrecords,8.1e-07,BRO,Daily payout based on your ALIVE stake.
fantom22,8.1e-07,BRO,Daily payout based on your ALIVE stake.
token-thx,8.1e-07,BRO,Daily payout based on your ALIVE stake.
ablaze,8.1e-07,BRO,Daily payout based on your ALIVE stake.
maakue,8.1e-07,BRO,Daily payout based on your ALIVE stake.
brofund,8.1e-07,BRO,Daily payout based on your ALIVE stake.
pero82,8.1e-07,BRO,Daily payout based on your ALIVE stake.
scfather,8.1e-07,BRO,Daily payout based on your ALIVE stake.
photonium,8.1e-07,BRO,Daily payout based on your ALIVE stake.
funshee,8.1e-07,BRO,Daily payout based on your ALIVE stake.
lokywolf2295,8.1e-07,BRO,Daily payout based on your ALIVE stake.
thehoneypot,8.1e-07,BRO,Daily payout based on your ALIVE stake.
astrocat-3663,8.1e-07,BRO,Daily payout based on your ALIVE stake.
samostically,8.1e-07,BRO,Daily payout based on your ALIVE stake.
pravesh0,8.1e-07,BRO,Daily payout based on your ALIVE stake.
venan,8e-07,BRO,Daily payout based on your ALIVE stake.
acgalarza,8e-07,BRO,Daily payout based on your ALIVE stake.
guruvaj,7.9e-07,BRO,Daily payout based on your ALIVE stake.
healjoal,7.7e-07,BRO,Daily payout based on your ALIVE stake.
templeflower,7.7e-07,BRO,Daily payout based on your ALIVE stake.
bala41288,7.7e-07,BRO,Daily payout based on your ALIVE stake.
leifasaur,7.7e-07,BRO,Daily payout based on your ALIVE stake.
kvinna,7.7e-07,BRO,Daily payout based on your ALIVE stake.
galenkp,7.7e-07,BRO,Daily payout based on your ALIVE stake.
thx.bht,7.7e-07,BRO,Daily payout based on your ALIVE stake.
jessicaossom,7.7e-07,BRO,Daily payout based on your ALIVE stake.
bernardinetti,7.7e-07,BRO,Daily payout based on your ALIVE stake.
preshtrump99,7.7e-07,BRO,Daily payout based on your ALIVE stake.
jaylatour,7.7e-07,BRO,Daily payout based on your ALIVE stake.
mmykel,7.7e-07,BRO,Daily payout based on your ALIVE stake.
lucieagboola,7.7e-07,BRO,Daily payout based on your ALIVE stake.
marbrym,7.7e-07,BRO,Daily payout based on your ALIVE stake.
padreelferenco,7.7e-07,BRO,Daily payout based on your ALIVE stake.
trayan,7.7e-07,BRO,Daily payout based on your ALIVE stake.
marshalmugi,7.7e-07,BRO,Daily payout based on your ALIVE stake.
princekham,7.7e-07,BRO,Daily payout based on your ALIVE stake.
karmaa13,7.6e-07,BRO,Daily payout based on your ALIVE stake.
is200,7.5e-07,BRO,Daily payout based on your ALIVE stake.
creodas,7.4e-07,BRO,Daily payout based on your ALIVE stake.
fabyusa72,7.3e-07,BRO,Daily payout based on your ALIVE stake.
adoore-eu,7.3e-07,BRO,Daily payout based on your ALIVE stake.
vedarg,7.3e-07,BRO,Daily payout based on your ALIVE stake.
pele23,7.3e-07,BRO,Daily payout based on your ALIVE stake.
matias-walkoski,7.3e-07,BRO,Daily payout based on your ALIVE stake.
splinter100dedos,7.3e-07,BRO,Daily payout based on your ALIVE stake.
pundito,7.3e-07,BRO,Daily payout based on your ALIVE stake.
redheadpei,7.3e-07,BRO,Daily payout based on your ALIVE stake.
run.vince.run,7.3e-07,BRO,Daily payout based on your ALIVE stake.
reidenling90,7.3e-07,BRO,Daily payout based on your ALIVE stake.
fatimajunio,7.3e-07,BRO,Daily payout based on your ALIVE stake.
jin-out,7.3e-07,BRO,Daily payout based on your ALIVE stake.
fasacity,7.3e-07,BRO,Daily payout based on your ALIVE stake.
elentogether,7.3e-07,BRO,Daily payout based on your ALIVE stake.
thecuriousfool,7.3e-07,BRO,Daily payout based on your ALIVE stake.
zoelle,7.3e-07,BRO,Daily payout based on your ALIVE stake.
chillmaw,7.3e-07,BRO,Daily payout based on your ALIVE stake.
cervantes420,7.3e-07,BRO,Daily payout based on your ALIVE stake.
rayt2,7.3e-07,BRO,Daily payout based on your ALIVE stake.
glimpsytips,7.3e-07,BRO,Daily payout based on your ALIVE stake.
geneticmedia,7.3e-07,BRO,Daily payout based on your ALIVE stake.
bitcoinflood,7.3e-07,BRO,Daily payout based on your ALIVE stake.
moonthumb,7.2e-07,BRO,Daily payout based on your ALIVE stake.
saffisara,7.2e-07,BRO,Daily payout based on your ALIVE stake.
olaunlimited,7.2e-07,BRO,Daily payout based on your ALIVE stake.
nane-qts,7.2e-07,BRO,Daily payout based on your ALIVE stake.
technicalside,6.9e-07,BRO,Daily payout based on your ALIVE stake.
bonus-fr,6.9e-07,BRO,Daily payout based on your ALIVE stake.
racibo,6.9e-07,BRO,Daily payout based on your ALIVE stake.
esther-emmanuel,6.9e-07,BRO,Daily payout based on your ALIVE stake.
jafo40,6.9e-07,BRO,Daily payout based on your ALIVE stake.
kawsar8035,6.9e-07,BRO,Daily payout based on your ALIVE stake.
mrenglish,6.9e-07,BRO,Daily payout based on your ALIVE stake.
darahclem,6.9e-07,BRO,Daily payout based on your ALIVE stake.
combination,6.9e-07,BRO,Daily payout based on your ALIVE stake.
fairyberry,6.9e-07,BRO,Daily payout based on your ALIVE stake.
kennysplash,6.9e-07,BRO,Daily payout based on your ALIVE stake.
cursephantom,6.9e-07,BRO,Daily payout based on your ALIVE stake.
ijohnsen,6.9e-07,BRO,Daily payout based on your ALIVE stake.
finguru,6.9e-07,BRO,Daily payout based on your ALIVE stake.
disi,6.7e-07,BRO,Daily payout based on your ALIVE stake.
readthisplease,6.7e-07,BRO,Daily payout based on your ALIVE stake.
digitalmgallery,6.7e-07,BRO,Daily payout based on your ALIVE stake.
stellageorge,6.5e-07,BRO,Daily payout based on your ALIVE stake.
thebalanceguy,6.5e-07,BRO,Daily payout based on your ALIVE stake.
racemlaadhar,6.5e-07,BRO,Daily payout based on your ALIVE stake.
umirais,6.5e-07,BRO,Daily payout based on your ALIVE stake.
leeart,6.5e-07,BRO,Daily payout based on your ALIVE stake.
steemmonsters,6.5e-07,BRO,Daily payout based on your ALIVE stake.
buckaroobaby,6.5e-07,BRO,Daily payout based on your ALIVE stake.
soyanafuentes,6.5e-07,BRO,Daily payout based on your ALIVE stake.
kelseyimoh,6.5e-07,BRO,Daily payout based on your ALIVE stake.
spinvest,6.5e-07,BRO,Daily payout based on your ALIVE stake.
hiro.juegos,6.5e-07,BRO,Daily payout based on your ALIVE stake.
troyola,6.5e-07,BRO,Daily payout based on your ALIVE stake.
drunksamurai,6.5e-07,BRO,Daily payout based on your ALIVE stake.
fitbee,6.5e-07,BRO,Daily payout based on your ALIVE stake.
dafusa,6.3e-07,BRO,Daily payout based on your ALIVE stake.
growandbow,6.3e-07,BRO,Daily payout based on your ALIVE stake.
esecholito,6.2e-07,BRO,Daily payout based on your ALIVE stake.
sieghard1990,6.2e-07,BRO,Daily payout based on your ALIVE stake.
thekittygirl,6.1e-07,BRO,Daily payout based on your ALIVE stake.
pixelfan,6.1e-07,BRO,Daily payout based on your ALIVE stake.
marcinxyz,6.1e-07,BRO,Daily payout based on your ALIVE stake.
bountybouncer,6.1e-07,BRO,Daily payout based on your ALIVE stake.
daniella619,6.1e-07,BRO,Daily payout based on your ALIVE stake.
thinkermind,6.1e-07,BRO,Daily payout based on your ALIVE stake.
treasuree,6.1e-07,BRO,Daily payout based on your ALIVE stake.
abh12345,6.1e-07,BRO,Daily payout based on your ALIVE stake.
olamummy,6.1e-07,BRO,Daily payout based on your ALIVE stake.
persephone87,6.1e-07,BRO,Daily payout based on your ALIVE stake.
riandeuk,6.1e-07,BRO,Daily payout based on your ALIVE stake.
pistedaf1,6.1e-07,BRO,Daily payout based on your ALIVE stake.
cyberstory,5.9e-07,BRO,Daily payout based on your ALIVE stake.
argsolver,5.9e-07,BRO,Daily payout based on your ALIVE stake.
mein-senf-dazu,5.8e-07,BRO,Daily payout based on your ALIVE stake.
igormuba,5.8e-07,BRO,Daily payout based on your ALIVE stake.
nopasaran72,5.8e-07,BRO,Daily payout based on your ALIVE stake.
intishar,5.7e-07,BRO,Daily payout based on your ALIVE stake.
faeriestories,5.7e-07,BRO,Daily payout based on your ALIVE stake.
lordavatarii,5.7e-07,BRO,Daily payout based on your ALIVE stake.
eddie-earner,5.7e-07,BRO,Daily payout based on your ALIVE stake.
mario-gonsalez,5.7e-07,BRO,Daily payout based on your ALIVE stake.
jurich60,5.7e-07,BRO,Daily payout based on your ALIVE stake.
hive-id,5.7e-07,BRO,Daily payout based on your ALIVE stake.
marleyandme,5.7e-07,BRO,Daily payout based on your ALIVE stake.
aiovo,5.7e-07,BRO,Daily payout based on your ALIVE stake.
iffatilyas,5.7e-07,BRO,Daily payout based on your ALIVE stake.
meesterboom,5.7e-07,BRO,Daily payout based on your ALIVE stake.
invest-time,5.7e-07,BRO,Daily payout based on your ALIVE stake.
mizuosemla,5.7e-07,BRO,Daily payout based on your ALIVE stake.
kaerpediem,5.7e-07,BRO,Daily payout based on your ALIVE stake.
doziekash,5.7e-07,BRO,Daily payout based on your ALIVE stake.
internutter,5.7e-07,BRO,Daily payout based on your ALIVE stake.
queenstarr,5.7e-07,BRO,Daily payout based on your ALIVE stake.
johnripper,5.6e-07,BRO,Daily payout based on your ALIVE stake.
hiveearning,5.5e-07,BRO,Daily payout based on your ALIVE stake.
henry897,5.3e-07,BRO,Daily payout based on your ALIVE stake.
city-bounter,5.3e-07,BRO,Daily payout based on your ALIVE stake.
dannewton,5.3e-07,BRO,Daily payout based on your ALIVE stake.
hively,5.3e-07,BRO,Daily payout based on your ALIVE stake.
queen-silvia,5.3e-07,BRO,Daily payout based on your ALIVE stake.
shrazi,5.3e-07,BRO,Daily payout based on your ALIVE stake.
myothuzar,5.3e-07,BRO,Daily payout based on your ALIVE stake.
cryptoph0823,5.3e-07,BRO,Daily payout based on your ALIVE stake.
acesontop,5.3e-07,BRO,Daily payout based on your ALIVE stake.
silversaver888,5.3e-07,BRO,Daily payout based on your ALIVE stake.
homesteadlt,5.3e-07,BRO,Daily payout based on your ALIVE stake.
hollowins,5.3e-07,BRO,Daily payout based on your ALIVE stake.
george-dee,5.3e-07,BRO,Daily payout based on your ALIVE stake.
siphon,5.3e-07,BRO,Daily payout based on your ALIVE stake.
ctptalk,5.3e-07,BRO,Daily payout based on your ALIVE stake.
deepresearch,5.3e-07,BRO,Daily payout based on your ALIVE stake.
twicejoy,5.3e-07,BRO,Daily payout based on your ALIVE stake.
liftslikealady,5.3e-07,BRO,Daily payout based on your ALIVE stake.
oogabooga0411,5.3e-07,BRO,Daily payout based on your ALIVE stake.
eco-alex,5.3e-07,BRO,Daily payout based on your ALIVE stake.
btcsam,5.3e-07,BRO,Daily payout based on your ALIVE stake.
decentropia,5.3e-07,BRO,Daily payout based on your ALIVE stake.
ramadhanight,5.3e-07,BRO,Daily payout based on your ALIVE stake.
relf87,5.3e-07,BRO,Daily payout based on your ALIVE stake.
pinkchic,5.3e-07,BRO,Daily payout based on your ALIVE stake.
dredreams,5.2e-07,BRO,Daily payout based on your ALIVE stake.
upvotegifter,5.2e-07,BRO,Daily payout based on your ALIVE stake.
crazyphantombr,5.1e-07,BRO,Daily payout based on your ALIVE stake.
voter004,5.1e-07,BRO,Daily payout based on your ALIVE stake.
sirsmokesalot96,5.1e-07,BRO,Daily payout based on your ALIVE stake.
jakkal,5.1e-07,BRO,Daily payout based on your ALIVE stake.
grecki-bazar-ewy,5e-07,BRO,Daily payout based on your ALIVE stake.
loadreaper,5e-07,BRO,Daily payout based on your ALIVE stake.
joydukeson,5e-07,BRO,Daily payout based on your ALIVE stake.
felt.buzz,4.9e-07,BRO,Daily payout based on your ALIVE stake.
rimurutempest,4.9e-07,BRO,Daily payout based on your ALIVE stake.
fashtioluwa,4.9e-07,BRO,Daily payout based on your ALIVE stake.
bandada,4.9e-07,BRO,Daily payout based on your ALIVE stake.
bdcommunity,4.9e-07,BRO,Daily payout based on your ALIVE stake.
sacra97,4.9e-07,BRO,Daily payout based on your ALIVE stake.
cruuzvicks,4.9e-07,BRO,Daily payout based on your ALIVE stake.
andy-vibes,4.9e-07,BRO,Daily payout based on your ALIVE stake.
crushaodasuccess,4.9e-07,BRO,Daily payout based on your ALIVE stake.
pappyelblanco,4.9e-07,BRO,Daily payout based on your ALIVE stake.
claudio83,4.9e-07,BRO,Daily payout based on your ALIVE stake.
juliansokto,4.9e-07,BRO,Daily payout based on your ALIVE stake.
kamarah,4.9e-07,BRO,Daily payout based on your ALIVE stake.
atexoras.pub,4.9e-07,BRO,Daily payout based on your ALIVE stake.
ellenripley,4.9e-07,BRO,Daily payout based on your ALIVE stake.
cinygirl,4.9e-07,BRO,Daily payout based on your ALIVE stake.
tangmo,4.9e-07,BRO,Daily payout based on your ALIVE stake.
skott83,4.9e-07,BRO,Daily payout based on your ALIVE stake.
vikisecrets,4.9e-07,BRO,Daily payout based on your ALIVE stake.
popurri,4.9e-07,BRO,Daily payout based on your ALIVE stake.
blackman15,4.9e-07,BRO,Daily payout based on your ALIVE stake.
sofs-su,4.9e-07,BRO,Daily payout based on your ALIVE stake.
thinkrdotexe,4.9e-07,BRO,Daily payout based on your ALIVE stake.
sk1920,4.9e-07,BRO,Daily payout based on your ALIVE stake.
dreemport,4.9e-07,BRO,Daily payout based on your ALIVE stake.
livinguktaiwan,4.9e-07,BRO,Daily payout based on your ALIVE stake.
pardinus,4.9e-07,BRO,Daily payout based on your ALIVE stake.
teamuksupport,4.9e-07,BRO,Daily payout based on your ALIVE stake.
kgakakillerg,4.9e-07,BRO,Daily payout based on your ALIVE stake.
monsterbuster,4.9e-07,BRO,Daily payout based on your ALIVE stake.
dagz,4.9e-07,BRO,Daily payout based on your ALIVE stake.
dimmablogs,4.9e-07,BRO,Daily payout based on your ALIVE stake.
vasupi,4.9e-07,BRO,Daily payout based on your ALIVE stake.
hivedeb,4.9e-07,BRO,Daily payout based on your ALIVE stake.
vimukthi,4.8e-07,BRO,Daily payout based on your ALIVE stake.
papacrusher,4.8e-07,BRO,Daily payout based on your ALIVE stake.
driptorchpress,4.8e-07,BRO,Daily payout based on your ALIVE stake.
nilomck1,4.6e-07,BRO,Daily payout based on your ALIVE stake.
maciejficek,4.6e-07,BRO,Daily payout based on your ALIVE stake.
lemouth,4.5e-07,BRO,Daily payout based on your ALIVE stake.
chefbgob,4.5e-07,BRO,Daily payout based on your ALIVE stake.
trucklife-family,4.5e-07,BRO,Daily payout based on your ALIVE stake.
indayclara,4.5e-07,BRO,Daily payout based on your ALIVE stake.
octavian1,4.5e-07,BRO,Daily payout based on your ALIVE stake.
isnochys,4.5e-07,BRO,Daily payout based on your ALIVE stake.
lordanquek,4.5e-07,BRO,Daily payout based on your ALIVE stake.
erikah,4.5e-07,BRO,Daily payout based on your ALIVE stake.
risingkhushboo,4.5e-07,BRO,Daily payout based on your ALIVE stake.
kpreddy,4.5e-07,BRO,Daily payout based on your ALIVE stake.
reiseamateur,4.5e-07,BRO,Daily payout based on your ALIVE stake.
mhowii,4.5e-07,BRO,Daily payout based on your ALIVE stake.
abmakko,4.5e-07,BRO,Daily payout based on your ALIVE stake.
anicom.vote,4.5e-07,BRO,Daily payout based on your ALIVE stake.
las3rbone,4.5e-07,BRO,Daily payout based on your ALIVE stake.
petra67,4.5e-07,BRO,Daily payout based on your ALIVE stake.
fomofinance,4.5e-07,BRO,Daily payout based on your ALIVE stake.
sujitsawant,4.5e-07,BRO,Daily payout based on your ALIVE stake.
olujay,4.5e-07,BRO,Daily payout based on your ALIVE stake.
myfreebtc,4.5e-07,BRO,Daily payout based on your ALIVE stake.
youngelder,4.5e-07,BRO,Daily payout based on your ALIVE stake.
deska89,4.5e-07,BRO,Daily payout based on your ALIVE stake.
thoughtfulposts,4.5e-07,BRO,Daily payout based on your ALIVE stake.
sholex94,4.5e-07,BRO,Daily payout based on your ALIVE stake.
zartisht,4.5e-07,BRO,Daily payout based on your ALIVE stake.
sapphirekay,4.5e-07,BRO,Daily payout based on your ALIVE stake.
renbrowneyes,4.5e-07,BRO,Daily payout based on your ALIVE stake.
eollarvesm,4.5e-07,BRO,Daily payout based on your ALIVE stake.
dynamicrypto,4.5e-07,BRO,Daily payout based on your ALIVE stake.
caracasprin,4.5e-07,BRO,Daily payout based on your ALIVE stake.
certain,4.5e-07,BRO,Daily payout based on your ALIVE stake.
clarysa,4.5e-07,BRO,Daily payout based on your ALIVE stake.
snedeva,4.5e-07,BRO,Daily payout based on your ALIVE stake.
chubb149,4.5e-07,BRO,Daily payout based on your ALIVE stake.
dudeontheweb,4.5e-07,BRO,Daily payout based on your ALIVE stake.
hetty-rowan,4.5e-07,BRO,Daily payout based on your ALIVE stake.
kraken99,4.4e-07,BRO,Daily payout based on your ALIVE stake.
shinoxl,4.2e-07,BRO,Daily payout based on your ALIVE stake.
marvan777,4.2e-07,BRO,Daily payout based on your ALIVE stake.
gravitcaper,4.2e-07,BRO,Daily payout based on your ALIVE stake.
hive-117638,4.1e-07,BRO,Daily payout based on your ALIVE stake.
shimbodoesart,4.1e-07,BRO,Daily payout based on your ALIVE stake.
oceanbee,4.1e-07,BRO,Daily payout based on your ALIVE stake.
belemo,4.1e-07,BRO,Daily payout based on your ALIVE stake.
marenontherun,4.1e-07,BRO,Daily payout based on your ALIVE stake.
rampage2231,4.1e-07,BRO,Daily payout based on your ALIVE stake.
tawadak24,4.1e-07,BRO,Daily payout based on your ALIVE stake.
katerinaramm,4.1e-07,BRO,Daily payout based on your ALIVE stake.
enjoywithtroy,4.1e-07,BRO,Daily payout based on your ALIVE stake.
eylz619,4.1e-07,BRO,Daily payout based on your ALIVE stake.
corvidae,4.1e-07,BRO,Daily payout based on your ALIVE stake.
mipiano,4.1e-07,BRO,Daily payout based on your ALIVE stake.
hive-179017,4.1e-07,BRO,Daily payout based on your ALIVE stake.
stayoutoftherz,4.1e-07,BRO,Daily payout based on your ALIVE stake.
carrinm,4.1e-07,BRO,Daily payout based on your ALIVE stake.
ifarmgirl-leo,4.1e-07,BRO,Daily payout based on your ALIVE stake.
cardtrader,4.1e-07,BRO,Daily payout based on your ALIVE stake.
bluemoon,4.1e-07,BRO,Daily payout based on your ALIVE stake.
graciousvic,4.1e-07,BRO,Daily payout based on your ALIVE stake.
ecoinstats,4.1e-07,BRO,Daily payout based on your ALIVE stake.
putu300,4.1e-07,BRO,Daily payout based on your ALIVE stake.
racheladeline,4.1e-07,BRO,Daily payout based on your ALIVE stake.
whangster79,4.1e-07,BRO,Daily payout based on your ALIVE stake.
dewabrata,4.1e-07,BRO,Daily payout based on your ALIVE stake.
fibra59,4.1e-07,BRO,Daily payout based on your ALIVE stake.
marc-allaria,4.1e-07,BRO,Daily payout based on your ALIVE stake.
atyourservice,4.1e-07,BRO,Daily payout based on your ALIVE stake.
creatr,4.1e-07,BRO,Daily payout based on your ALIVE stake.
xchng,4.1e-07,BRO,Daily payout based on your ALIVE stake.
lasseehlers,4.1e-07,BRO,Daily payout based on your ALIVE stake.
amigoponc,4.1e-07,BRO,Daily payout based on your ALIVE stake.
psyberx,4.1e-07,BRO,Daily payout based on your ALIVE stake.
gracepro,4.1e-07,BRO,Daily payout based on your ALIVE stake.
kerrislravenhill,4.1e-07,BRO,Daily payout based on your ALIVE stake.
leaky20,4.1e-07,BRO,Daily payout based on your ALIVE stake.
dwixer,4.1e-07,BRO,Daily payout based on your ALIVE stake.
annymharie,4.1e-07,BRO,Daily payout based on your ALIVE stake.
josediccus,4.1e-07,BRO,Daily payout based on your ALIVE stake.
teemah2530,4.1e-07,BRO,Daily payout based on your ALIVE stake.
dsc-r2cornell,4.1e-07,BRO,Daily payout based on your ALIVE stake.
stekene,4.1e-07,BRO,Daily payout based on your ALIVE stake.
detlev,4.1e-07,BRO,Daily payout based on your ALIVE stake.
blueflipper123,4.1e-07,BRO,Daily payout based on your ALIVE stake.
blanchy,4.1e-07,BRO,Daily payout based on your ALIVE stake.
nonsowrites,4.1e-07,BRO,Daily payout based on your ALIVE stake.
sorsa,4.1e-07,BRO,Daily payout based on your ALIVE stake.
